DATETIME,FX
1994-10-18,0.0012630999999999999
1994-10-19,0.0012630999999999999
1994-10-20,0.0012630999999999999
1994-10-21,0.0012630999999999999
1994-10-24,0.0012630999999999999
1994-10-25,0.0012630999999999999
1994-10-26,0.0012630999999999999
1994-10-27,0.0012630999999999999
1994-10-28,0.0012630999999999999
1994-10-31,0.0012630999999999999
1994-11-01,0.0012630999999999999
1994-11-02,0.0012630999999999999
1994-11-03,0.0012630999999999999
1994-11-04,0.0012630999999999999
1994-11-07,0.0012630999999999999
1994-11-08,0.0012630999999999999
1994-11-09,0.0012630999999999999
1994-11-10,0.0012630999999999999
1994-11-11,0.0012630999999999999
1994-11-14,0.0012630999999999999
1994-11-15,0.0012630999999999999
1994-11-16,0.0012630999999999999
1994-11-17,0.0012630999999999999
1994-11-18,0.0012630999999999999
1994-11-21,0.0012630999999999999
1994-11-22,0.0012630999999999999
1994-11-23,0.0012630999999999999
1994-11-24,0.0012630999999999999
1994-11-25,0.0012630999999999999
1994-11-28,0.0012630999999999999
1994-11-29,0.0012630999999999999
1994-11-30,0.0012630999999999999
1994-12-01,0.0012630999999999999
1994-12-02,0.0012630999999999999
1994-12-05,0.0012630999999999999
1994-12-06,0.0012630999999999999
1994-12-07,0.0012630999999999999
1994-12-08,0.0012630999999999999
1994-12-09,0.0012630999999999999
1994-12-12,0.0012630999999999999
1994-12-13,0.0012630999999999999
1994-12-14,0.0012630999999999999
1994-12-15,0.0012630999999999999
1994-12-16,0.0012630999999999999
1994-12-19,0.0012630999999999999
1994-12-20,0.0012630999999999999
1994-12-21,0.0012630999999999999
1994-12-22,0.0012630999999999999
1994-12-23,0.0012630999999999999
1994-12-26,0.0012630999999999999
1994-12-27,0.0012630999999999999
1994-12-28,0.0012630999999999999
1994-12-29,0.0012630999999999999
1994-12-30,0.0012630999999999999
1995-01-02,0.0012630999999999999
1995-01-03,0.0012630999999999999
1995-01-04,0.0012630999999999999
1995-01-05,0.0012630999999999999
1995-01-06,0.0012630999999999999
1995-01-09,0.0012630999999999999
1995-01-10,0.0012630999999999999
1995-01-11,0.0012630999999999999
1995-01-12,0.0012630999999999999
1995-01-13,0.0012630999999999999
1995-01-16,0.0012630999999999999
1995-01-17,0.0012630999999999999
1995-01-18,0.0012630999999999999
1995-01-19,0.0012630999999999999
1995-01-20,0.0012630999999999999
1995-01-23,0.0012630999999999999
1995-01-24,0.0012630999999999999
1995-01-25,0.0012630999999999999
1995-01-26,0.0012630999999999999
1995-01-27,0.0012630999999999999
1995-01-30,0.0012630999999999999
1995-01-31,0.0012630999999999999
1995-02-01,0.0012630999999999999
1995-02-02,0.0012630999999999999
1995-02-03,0.0012630999999999999
1995-02-06,0.0012630999999999999
1995-02-07,0.0012630999999999999
1995-02-08,0.0012630999999999999
1995-02-09,0.0012630999999999999
1995-02-10,0.0012630999999999999
1995-02-13,0.0012630999999999999
1995-02-14,0.0012630999999999999
1995-02-15,0.0012630999999999999
1995-02-16,0.0012630999999999999
1995-02-17,0.0012630999999999999
1995-02-20,0.0012630999999999999
1995-02-21,0.0012630999999999999
1995-02-22,0.0012630999999999999
1995-02-23,0.0012630999999999999
1995-02-24,0.0012630999999999999
1995-02-27,0.0012630999999999999
1995-02-28,0.0012630999999999999
1995-03-01,0.0012630999999999999
1995-03-02,0.0012630999999999999
1995-03-03,0.0012630999999999999
1995-03-06,0.0012630999999999999
1995-03-07,0.0012630999999999999
1995-03-08,0.0012630999999999999
1995-03-09,0.0012630999999999999
1995-03-10,0.0012630999999999999
1995-03-13,0.0012630999999999999
1995-03-14,0.0012630999999999999
1995-03-15,0.0012630999999999999
1995-03-16,0.0012630999999999999
1995-03-17,0.0012630999999999999
1995-03-20,0.0012630999999999999
1995-03-21,0.0012630999999999999
1995-03-22,0.0012630999999999999
1995-03-23,0.0012630999999999999
1995-03-24,0.0012630999999999999
1995-03-27,0.0012630999999999999
1995-03-28,0.0012630999999999999
1995-03-29,0.0012630999999999999
1995-03-30,0.0012630999999999999
1995-03-31,0.0012630999999999999
1995-04-03,0.0012630999999999999
1995-04-04,0.0012630999999999999
1995-04-05,0.0012630999999999999
1995-04-06,0.0012630999999999999
1995-04-07,0.0012630999999999999
1995-04-10,0.0012630999999999999
1995-04-11,0.0012630999999999999
1995-04-12,0.0012630999999999999
1995-04-13,0.0012630999999999999
1995-04-14,0.0012630999999999999
1995-04-17,0.0012630999999999999
1995-04-18,0.0012630999999999999
1995-04-19,0.0012630999999999999
1995-04-20,0.0012630999999999999
1995-04-21,0.0012630999999999999
1995-04-24,0.0012630999999999999
1995-04-25,0.0012630999999999999
1995-04-26,0.0012630999999999999
1995-04-27,0.0012630999999999999
1995-04-28,0.0012630999999999999
1995-05-01,0.0012630999999999999
1995-05-02,0.0012630999999999999
1995-05-03,0.0012630999999999999
1995-05-04,0.0012630999999999999
1995-05-05,0.0012630999999999999
1995-05-08,0.0012630999999999999
1995-05-09,0.0012630999999999999
1995-05-10,0.0012630999999999999
1995-05-11,0.0012630999999999999
1995-05-12,0.0012630999999999999
1995-05-15,0.0012630999999999999
1995-05-16,0.0012630999999999999
1995-05-17,0.0012630999999999999
1995-05-18,0.0012630999999999999
1995-05-19,0.0012630999999999999
1995-05-22,0.0012630999999999999
1995-05-23,0.0012630999999999999
1995-05-24,0.0012630999999999999
1995-05-25,0.0012630999999999999
1995-05-26,0.0012630999999999999
1995-05-29,0.0012630999999999999
1995-05-30,0.0012630999999999999
1995-05-31,0.0012630999999999999
1995-06-01,0.0012630999999999999
1995-06-02,0.0012630999999999999
1995-06-05,0.0012630999999999999
1995-06-06,0.0012630999999999999
1995-06-07,0.0012630999999999999
1995-06-08,0.0012630999999999999
1995-06-09,0.0012630999999999999
1995-06-12,0.0012630999999999999
1995-06-13,0.0012630999999999999
1995-06-14,0.0012630999999999999
1995-06-15,0.0012630999999999999
1995-06-16,0.0012630999999999999
1995-06-19,0.0012630999999999999
1995-06-20,0.0012630999999999999
1995-06-21,0.0012630999999999999
1995-06-22,0.0012630999999999999
1995-06-23,0.0012630999999999999
1995-06-26,0.0012630999999999999
1995-06-27,0.0012630999999999999
1995-06-28,0.0012630999999999999
1995-06-29,0.0012630999999999999
1995-06-30,0.0012630999999999999
1995-07-03,0.0012630999999999999
1995-07-04,0.0012630999999999999
1995-07-05,0.0012630999999999999
1995-07-06,0.0012630999999999999
1995-07-07,0.0012630999999999999
1995-07-10,0.0012630999999999999
1995-07-11,0.0012630999999999999
1995-07-12,0.0012630999999999999
1995-07-13,0.0012630999999999999
1995-07-14,0.0012630999999999999
1995-07-17,0.0012630999999999999
1995-07-18,0.0012630999999999999
1995-07-19,0.0012630999999999999
1995-07-20,0.0012630999999999999
1995-07-21,0.0012630999999999999
1995-07-24,0.0012630999999999999
1995-07-25,0.0012630999999999999
1995-07-26,0.0012630999999999999
1995-07-27,0.0012630999999999999
1995-07-28,0.0012630999999999999
1995-07-31,0.0012630999999999999
1995-08-01,0.0012630999999999999
1995-08-02,0.0012630999999999999
1995-08-03,0.0012630999999999999
1995-08-04,0.0012630999999999999
1995-08-07,0.0012630999999999999
1995-08-08,0.0012630999999999999
1995-08-09,0.0012630999999999999
1995-08-10,0.0012630999999999999
1995-08-11,0.0012630999999999999
1995-08-14,0.0012630999999999999
1995-08-15,0.0012630999999999999
1995-08-16,0.0012630999999999999
1995-08-17,0.0012630999999999999
1995-08-18,0.0012630999999999999
1995-08-21,0.0012630999999999999
1995-08-22,0.0012630999999999999
1995-08-23,0.0012630999999999999
1995-08-24,0.0012630999999999999
1995-08-25,0.0012630999999999999
1995-08-28,0.0012630999999999999
1995-08-29,0.0012630999999999999
1995-08-30,0.0012630999999999999
1995-08-31,0.0012630999999999999
1995-09-01,0.0012630999999999999
1995-09-04,0.0012630999999999999
1995-09-05,0.0012630999999999999
1995-09-06,0.0012630999999999999
1995-09-07,0.0012630999999999999
1995-09-08,0.0012630999999999999
1995-09-11,0.0012630999999999999
1995-09-12,0.0012630999999999999
1995-09-13,0.0012630999999999999
1995-09-14,0.0012630999999999999
1995-09-15,0.0012630999999999999
1995-09-18,0.0012630999999999999
1995-09-19,0.0012630999999999999
1995-09-20,0.0012630999999999999
1995-09-21,0.0012630999999999999
1995-09-22,0.0012630999999999999
1995-09-25,0.0012630999999999999
1995-09-26,0.0012630999999999999
1995-09-27,0.0012630999999999999
1995-09-28,0.0012630999999999999
1995-09-29,0.0012630999999999999
1995-10-02,0.0012630999999999999
1995-10-03,0.0012630999999999999
1995-10-04,0.0012630999999999999
1995-10-05,0.0012630999999999999
1995-10-06,0.0012630999999999999
1995-10-09,0.0012630999999999999
1995-10-10,0.0012630999999999999
1995-10-11,0.0012630999999999999
1995-10-12,0.0012630999999999999
1995-10-13,0.0012630999999999999
1995-10-16,0.0012630999999999999
1995-10-17,0.0012630999999999999
1995-10-18,0.0012630999999999999
1995-10-19,0.0012630999999999999
1995-10-20,0.0012630999999999999
1995-10-23,0.0012630999999999999
1995-10-24,0.0012630999999999999
1995-10-25,0.0012630999999999999
1995-10-26,0.0012630999999999999
1995-10-27,0.0012630999999999999
1995-10-30,0.0012630999999999999
1995-10-31,0.0012630999999999999
1995-11-01,0.0012630999999999999
1995-11-02,0.0012630999999999999
1995-11-03,0.0012630999999999999
1995-11-06,0.0012630999999999999
1995-11-07,0.0012630999999999999
1995-11-08,0.0012630999999999999
1995-11-09,0.0012630999999999999
1995-11-10,0.0012630999999999999
1995-11-13,0.0012630999999999999
1995-11-14,0.0012630999999999999
1995-11-15,0.0012630999999999999
1995-11-16,0.0012630999999999999
1995-11-17,0.0012630999999999999
1995-11-20,0.0012630999999999999
1995-11-21,0.0012630999999999999
1995-11-22,0.0012630999999999999
1995-11-23,0.0012630999999999999
1995-11-24,0.0012630999999999999
1995-11-27,0.0012630999999999999
1995-11-28,0.0012630999999999999
1995-11-29,0.0012630999999999999
1995-11-30,0.0012630999999999999
1995-12-01,0.0012630999999999999
1995-12-04,0.0012630999999999999
1995-12-05,0.0012630999999999999
1995-12-06,0.0012630999999999999
1995-12-07,0.0012630999999999999
1995-12-08,0.0012630999999999999
1995-12-11,0.0012630999999999999
1995-12-12,0.0012630999999999999
1995-12-13,0.0012630999999999999
1995-12-14,0.0012630999999999999
1995-12-15,0.0012630999999999999
1995-12-18,0.0012630999999999999
1995-12-19,0.0012630999999999999
1995-12-20,0.0012630999999999999
1995-12-21,0.0012630999999999999
1995-12-22,0.0012630999999999999
1995-12-25,0.0012630999999999999
1995-12-26,0.0012630999999999999
1995-12-27,0.0012630999999999999
1995-12-28,0.0012630999999999999
1995-12-29,0.0012630999999999999
1996-01-01,0.0012630999999999999
1996-01-02,0.0012630999999999999
1996-01-03,0.0012630999999999999
1996-01-04,0.0012630999999999999
1996-01-05,0.0012630999999999999
1996-01-08,0.0012630999999999999
1996-01-09,0.0012630999999999999
1996-01-10,0.0012630999999999999
1996-01-11,0.0012630999999999999
1996-01-12,0.0012630999999999999
1996-01-15,0.0012630999999999999
1996-01-16,0.0012630999999999999
1996-01-17,0.0012630999999999999
1996-01-18,0.0012630999999999999
1996-01-19,0.0012630999999999999
1996-01-22,0.0012630999999999999
1996-01-23,0.0012630999999999999
1996-01-24,0.0012630999999999999
1996-01-25,0.0012630999999999999
1996-01-26,0.0012630999999999999
1996-01-29,0.0012630999999999999
1996-01-30,0.0012630999999999999
1996-01-31,0.0012630999999999999
1996-02-01,0.0012630999999999999
1996-02-02,0.0012630999999999999
1996-02-05,0.0012630999999999999
1996-02-06,0.0012630999999999999
1996-02-07,0.0012630999999999999
1996-02-08,0.0012630999999999999
1996-02-09,0.0012630999999999999
1996-02-12,0.0012630999999999999
1996-02-13,0.0012630999999999999
1996-02-14,0.0012630999999999999
1996-02-15,0.0012630999999999999
1996-02-16,0.0012630999999999999
1996-02-19,0.0012630999999999999
1996-02-20,0.0012630999999999999
1996-02-21,0.0012630999999999999
1996-02-22,0.0012630999999999999
1996-02-23,0.0012630999999999999
1996-02-26,0.0012630999999999999
1996-02-27,0.0012630999999999999
1996-02-28,0.0012630999999999999
1996-02-29,0.0012630999999999999
1996-03-01,0.0012630999999999999
1996-03-04,0.0012630999999999999
1996-03-05,0.0012630999999999999
1996-03-06,0.0012630999999999999
1996-03-07,0.0012630999999999999
1996-03-08,0.0012630999999999999
1996-03-11,0.0012630999999999999
1996-03-12,0.0012630999999999999
1996-03-13,0.0012630999999999999
1996-03-14,0.0012630999999999999
1996-03-15,0.0012630999999999999
1996-03-18,0.0012630999999999999
1996-03-19,0.0012630999999999999
1996-03-20,0.0012630999999999999
1996-03-21,0.0012630999999999999
1996-03-22,0.0012630999999999999
1996-03-25,0.0012630999999999999
1996-03-26,0.0012630999999999999
1996-03-27,0.0012630999999999999
1996-03-28,0.0012630999999999999
1996-03-29,0.0012630999999999999
1996-04-01,0.0012630999999999999
1996-04-02,0.0012630999999999999
1996-04-03,0.0012630999999999999
1996-04-04,0.0012630999999999999
1996-04-05,0.0012630999999999999
1996-04-08,0.0012630999999999999
1996-04-09,0.0012630999999999999
1996-04-10,0.0012630999999999999
1996-04-11,0.0012630999999999999
1996-04-12,0.0012630999999999999
1996-04-15,0.0012630999999999999
1996-04-16,0.0012630999999999999
1996-04-17,0.0012630999999999999
1996-04-18,0.0012630999999999999
1996-04-19,0.0012630999999999999
1996-04-22,0.0012630999999999999
1996-04-23,0.0012630999999999999
1996-04-24,0.0012630999999999999
1996-04-25,0.0012630999999999999
1996-04-26,0.0012630999999999999
1996-04-29,0.0012630999999999999
1996-04-30,0.0012630999999999999
1996-05-01,0.0012630999999999999
1996-05-02,0.0012630999999999999
1996-05-03,0.0012630999999999999
1996-05-06,0.0012630999999999999
1996-05-07,0.0012630999999999999
1996-05-08,0.0012630999999999999
1996-05-09,0.0012630999999999999
1996-05-10,0.0012630999999999999
1996-05-13,0.0012630999999999999
1996-05-14,0.0012630999999999999
1996-05-15,0.0012630999999999999
1996-05-16,0.0012630999999999999
1996-05-17,0.0012630999999999999
1996-05-20,0.0012630999999999999
1996-05-21,0.0012630999999999999
1996-05-22,0.0012630999999999999
1996-05-23,0.0012630999999999999
1996-05-24,0.0012630999999999999
1996-05-27,0.0012630999999999999
1996-05-28,0.0012630999999999999
1996-05-29,0.0012630999999999999
1996-05-30,0.0012630999999999999
1996-05-31,0.0012630999999999999
1996-06-03,0.0012630999999999999
1996-06-04,0.0012630999999999999
1996-06-05,0.0012630999999999999
1996-06-06,0.0012630999999999999
1996-06-07,0.0012630999999999999
1996-06-10,0.0012630999999999999
1996-06-11,0.0012630999999999999
1996-06-12,0.0012630999999999999
1996-06-13,0.0012630999999999999
1996-06-14,0.0012630999999999999
1996-06-17,0.0012630999999999999
1996-06-18,0.0012630999999999999
1996-06-19,0.0012630999999999999
1996-06-20,0.00123656
1996-06-21,0.00123656
1996-06-24,0.00123656
1996-06-25,0.00123656
1996-06-26,0.00123656
1996-06-27,0.00123656
1996-06-28,0.00123656
1996-07-01,0.00123656
1996-07-02,0.00123656
1996-07-03,0.00123656
1996-07-04,0.00123656
1996-07-05,0.00123656
1996-07-08,0.00123656
1996-07-09,0.00123656
1996-07-10,0.00123656
1996-07-11,0.00123656
1996-07-12,0.00123656
1996-07-15,0.00123656
1996-07-16,0.00123656
1996-07-17,0.00123656
1996-07-18,0.00123656
1996-07-19,0.00123656
1996-07-22,0.00123656
1996-07-23,0.00123656
1996-07-24,0.00123656
1996-07-25,0.00123656
1996-07-26,0.00123656
1996-07-29,0.00123656
1996-07-30,0.00123656
1996-07-31,0.00123656
1996-08-01,0.00123656
1996-08-02,0.00123656
1996-08-05,0.00123656
1996-08-06,0.00123656
1996-08-07,0.00123656
1996-08-08,0.00123656
1996-08-09,0.00123656
1996-08-12,0.00123656
1996-08-13,0.00123656
1996-08-14,0.00123656
1996-08-15,0.00123656
1996-08-16,0.00123656
1996-08-19,0.00123656
1996-08-20,0.00123656
1996-08-21,0.00123656
1996-08-22,0.00123656
1996-08-23,0.00123656
1996-08-26,0.00123656
1996-08-27,0.00123656
1996-08-28,0.00123656
1996-08-29,0.00123656
1996-08-30,0.00123656
1996-09-02,0.00123656
1996-09-03,0.00123656
1996-09-04,0.00123656
1996-09-05,0.00123656
1996-09-06,0.00123656
1996-09-09,0.00123656
1996-09-10,0.00123656
1996-09-11,0.00123656
1996-09-12,0.00123656
1996-09-13,0.00123656
1996-09-16,0.00123656
1996-09-17,0.00123656
1996-09-18,0.00123656
1996-09-19,0.00123656
1996-09-20,0.00123656
1996-09-23,0.00123656
1996-09-24,0.00123656
1996-09-25,0.00123656
1996-09-26,0.00123656
1996-09-27,0.00123656
1996-09-30,0.00123656
1996-10-01,0.00123656
1996-10-02,0.00123656
1996-10-03,0.00123656
1996-10-04,0.00123656
1996-10-07,0.00123656
1996-10-08,0.00123656
1996-10-09,0.00123656
1996-10-10,0.00123656
1996-10-11,0.00123656
1996-10-14,0.00123656
1996-10-15,0.00123656
1996-10-16,0.00123656
1996-10-17,0.00123656
1996-10-18,0.00123656
1996-10-21,0.00123656
1996-10-22,0.00123656
1996-10-23,0.00123656
1996-10-24,0.00123656
1996-10-25,0.00123656
1996-10-28,0.00123656
1996-10-29,0.00123656
1996-10-30,0.00123656
1996-10-31,0.00123656
1996-11-01,0.00123656
1996-11-04,0.00123656
1996-11-05,0.00123656
1996-11-06,0.00123656
1996-11-07,0.00123656
1996-11-08,0.00123656
1996-11-11,0.00123656
1996-11-12,0.00123656
1996-11-13,0.00123656
1996-11-14,0.00123656
1996-11-15,0.00123656
1996-11-18,0.00123656
1996-11-19,0.00123656
1996-11-20,0.00123656
1996-11-21,0.00123656
1996-11-22,0.00123656
1996-11-25,0.00123656
1996-11-26,0.00123656
1996-11-27,0.00123656
1996-11-28,0.00123656
1996-11-29,0.00123656
1996-12-02,0.00123656
1996-12-03,0.00123656
1996-12-04,0.00123656
1996-12-05,0.00123656
1996-12-06,0.00123656
1996-12-09,0.00123656
1996-12-10,0.00123656
1996-12-11,0.00123656
1996-12-12,0.00123656
1996-12-13,0.00123656
1996-12-16,0.00123656
1996-12-17,0.00123656
1996-12-18,0.00123656
1996-12-19,0.00123656
1996-12-20,0.00123656
1996-12-23,0.00123656
1996-12-24,0.00123656
1996-12-25,0.00123656
1996-12-26,0.00123656
1996-12-27,0.00123656
1996-12-30,0.00123656
1996-12-31,0.00123656
1997-01-01,0.00123656
1997-01-02,0.00123656
1997-01-03,0.00123656
1997-01-06,0.00123656
1997-01-07,0.00123656
1997-01-08,0.00123656
1997-01-09,0.00123656
1997-01-10,0.00123656
1997-01-13,0.00123656
1997-01-14,0.00123656
1997-01-15,0.00123656
1997-01-16,0.00123656
1997-01-17,0.00123656
1997-01-20,0.00123656
1997-01-21,0.00123656
1997-01-22,0.00123656
1997-01-23,0.00123656
1997-01-24,0.00123656
1997-01-27,0.00123656
1997-01-28,0.00123656
1997-01-29,0.00123656
1997-01-30,0.00123656
1997-01-31,0.00123656
1997-02-03,0.00123656
1997-02-04,0.00123656
1997-02-05,0.00113957
1997-02-06,0.00116344
1997-02-07,0.00113957
1997-02-10,0.00116344
1997-02-11,0.00116344
1997-02-12,0.00116344
1997-02-13,0.00113957
1997-02-14,0.00113957
1997-02-17,0.00113957
1997-02-18,0.00113957
1997-02-19,0.00116344
1997-02-20,0.00116344
1997-02-21,0.00116344
1997-02-24,0.00116344
1997-02-25,0.00116344
1997-02-26,0.00116344
1997-02-27,0.00116344
1997-02-28,0.00116344
1997-03-03,0.00116344
1997-03-04,0.00116344
1997-03-05,0.00116344
1997-03-06,0.00116344
1997-03-07,0.00116344
1997-03-10,0.00113957
1997-03-11,0.00113957
1997-03-12,0.00113957
1997-03-13,0.00113957
1997-03-14,0.00113957
1997-03-17,0.00113957
1997-03-18,0.00113957
1997-03-19,0.00113957
1997-03-20,0.00113957
1997-03-21,0.00113957
1997-03-24,0.00113957
1997-03-25,0.00113957
1997-03-26,0.00113957
1997-03-27,0.00113957
1997-03-28,0.00113957
1997-03-31,0.00113957
1997-04-01,0.00113957
1997-04-02,0.00113957
1997-04-03,0.00113957
1997-04-04,0.00113957
1997-04-07,0.00113957
1997-04-08,0.00113957
1997-04-09,0.00113957
1997-04-10,0.00113957
1997-04-11,0.00113957
1997-04-14,0.00113957
1997-04-15,0.00113957
1997-04-16,0.00113957
1997-04-17,0.00113957
1997-04-18,0.00113957
1997-04-21,0.00113957
1997-04-22,0.00113957
1997-04-23,0.00113957
1997-04-24,0.00113957
1997-04-25,0.00113957
1997-04-28,0.00113957
1997-04-29,0.00113957
1997-04-30,0.00113957
1997-05-01,0.00113957
1997-05-02,0.00113957
1997-05-05,0.00113957
1997-05-06,0.00113957
1997-05-07,0.00113957
1997-05-08,0.00113957
1997-05-09,0.00113957
1997-05-12,0.00113957
1997-05-13,0.00113957
1997-05-14,0.00113957
1997-05-15,0.00113957
1997-05-16,0.00113957
1997-05-19,0.00113957
1997-05-20,0.00113957
1997-05-21,0.00113957
1997-05-22,0.00113957
1997-05-23,0.00113957
1997-05-26,0.00113957
1997-05-27,0.00113957
1997-05-28,0.00113957
1997-05-29,0.00113957
1997-05-30,0.00113957
1997-06-02,0.00113957
1997-06-03,0.00113957
1997-06-04,0.00113957
1997-06-05,0.00113957
1997-06-06,0.00113957
1997-06-09,0.00113957
1997-06-10,0.00113957
1997-06-11,0.00113957
1997-06-12,0.00113957
1997-06-13,0.00113957
1997-06-16,0.00113957
1997-06-17,0.00113957
1997-06-18,0.00113957
1997-06-19,0.00113957
1997-06-20,0.00113957
1997-06-23,0.00113957
1997-06-24,0.00113957
1997-06-25,0.00113957
1997-06-26,0.00113957
1997-06-27,0.00113957
1997-06-30,0.00113957
1997-07-01,0.00113957
1997-07-02,0.00113957
1997-07-03,0.00113957
1997-07-04,0.00113957
1997-07-07,0.00113957
1997-07-08,0.00113957
1997-07-09,0.00113957
1997-07-10,0.00113957
1997-07-11,0.00113957
1997-07-14,0.00113957
1997-07-15,0.00113957
1997-07-16,0.00113957
1997-07-17,0.00113957
1997-07-18,0.00113957
1997-07-21,0.00113957
1997-07-22,0.00113957
1997-07-23,0.00113957
1997-07-24,0.00113957
1997-07-25,0.00113957
1997-07-28,0.00113957
1997-07-29,0.00113957
1997-07-30,0.00113957
1997-07-31,0.00113957
1997-08-01,0.00113957
1997-08-04,0.00113957
1997-08-05,0.00113957
1997-08-06,0.00113957
1997-08-07,0.00113957
1997-08-08,0.00113957
1997-08-11,0.00113957
1997-08-12,0.00113957
1997-08-13,0.00113957
1997-08-14,0.00113957
1997-08-15,0.00113957
1997-08-18,0.00113957
1997-08-19,0.00113957
1997-08-20,0.00113957
1997-08-21,0.00113957
1997-08-22,0.00113957
1997-08-25,0.00113957
1997-08-26,0.00113957
1997-08-27,0.00113957
1997-08-28,0.00113957
1997-08-29,0.00113957
1997-09-01,0.00113957
1997-09-02,0.00113957
1997-09-03,0.00113957
1997-09-04,0.00113957
1997-09-05,0.00113957
1997-09-08,0.00113957
1997-09-09,0.00113957
1997-09-10,0.00113957
1997-09-11,0.00113957
1997-09-12,0.00113957
1997-09-15,0.00113957
1997-09-16,0.00113957
1997-09-17,0.00113957
1997-09-18,0.00113957
1997-09-19,0.00113957
1997-09-22,0.00113957
1997-09-23,0.00113957
1997-09-24,0.00113957
1997-09-25,0.00113957
1997-09-26,0.00113957
1997-09-29,0.00113957
1997-09-30,0.00113957
1997-10-01,0.00113957
1997-10-02,0.00113957
1997-10-03,0.00113957
1997-10-06,0.00113957
1997-10-07,0.00113957
1997-10-08,0.00113957
1997-10-09,0.00113957
1997-10-10,0.00113957
1997-10-13,0.00113957
1997-10-14,0.00113957
1997-10-15,0.00113957
1997-10-16,0.00113957
1997-10-17,0.00113957
1997-10-20,0.00113957
1997-10-21,0.00113957
1997-10-22,0.00113957
1997-10-23,0.00113957
1997-10-24,0.00113957
1997-10-27,0.00113957
1997-10-28,0.00113957
1997-10-29,0.00103727
1997-10-30,0.00103727
1997-10-31,0.00103727
1997-11-03,0.00103727
1997-11-04,0.00103727
1997-11-05,0.00103727
1997-11-06,0.00103727
1997-11-07,0.00103727
1997-11-10,0.00103727
1997-11-11,0.00103727
1997-11-12,0.00103727
1997-11-13,0.00103727
1997-11-14,0.00103727
1997-11-17,0.00103727
1997-11-18,0.00103727
1997-11-19,0.00103727
1997-11-20,0.000938539
1997-11-21,0.000938539
1997-11-24,0.000938539
1997-11-25,0.000938539
1997-11-26,0.000938539
1997-11-27,0.000938539
1997-11-28,0.000938539
1997-12-01,0.000938539
1997-12-02,0.000835712
1997-12-03,0.000835712
1997-12-04,0.0008614610000000001
1997-12-05,0.000835712
1997-12-08,0.000835712
1997-12-09,0.000739724
1997-12-10,0.000739724
1997-12-11,0.000739724
1997-12-12,0.000636343
1997-12-15,0.000636343
1997-12-16,0.000660276
1997-12-17,0.000660276
1997-12-18,0.000660276
1997-12-19,0.000636343
1997-12-22,0.000636343
1997-12-23,0.000538855
1997-12-24,0.000538855
1997-12-25,0.000538855
1997-12-26,0.000620552
1997-12-29,0.000620552
1997-12-30,0.000636343
1997-12-31,0.000636343
1998-01-01,0.000636343
1998-01-02,0.000636343
1998-01-05,0.000636343
1998-01-06,0.000636343
1998-01-07,0.000636343
1998-01-08,0.000636343
1998-01-09,0.000636343
1998-01-12,0.000636343
1998-01-13,0.000636343
1998-01-14,0.000636343
1998-01-15,0.000636343
1998-01-16,0.000636343
1998-01-19,0.000636343
1998-01-20,0.000636343
1998-01-21,0.000636343
1998-01-22,0.000636343
1998-01-23,0.000636343
1998-01-26,0.000636343
1998-01-27,0.000636343
1998-01-28,0.000636343
1998-01-29,0.000636343
1998-01-30,0.000636343
1998-02-02,0.000636343
1998-02-03,0.000636343
1998-02-04,0.000636343
1998-02-05,0.000636343
1998-02-06,0.000636343
1998-02-09,0.000636343
1998-02-10,0.000636343
1998-02-11,0.000636343
1998-02-12,0.000636343
1998-02-13,0.000636343
1998-02-16,0.000636343
1998-02-17,0.000636343
1998-02-18,0.000636343
1998-02-19,0.000636343
1998-02-20,0.000636343
1998-02-23,0.000636343
1998-02-24,0.000636343
1998-02-25,0.000636343
1998-02-26,0.000636343
1998-02-27,0.000636343
1998-03-02,0.000636343
1998-03-03,0.000636343
1998-03-04,0.000636343
1998-03-05,0.000636343
1998-03-06,0.000636343
1998-03-09,0.000636343
1998-03-10,0.000636343
1998-03-11,0.000636343
1998-03-12,0.000636343
1998-03-13,0.000660276
1998-03-16,0.000660276
1998-03-17,0.000660276
1998-03-18,0.000660276
1998-03-19,0.000660276
1998-03-20,0.000660276
1998-03-23,0.000660276
1998-03-24,0.000660276
1998-03-25,0.000660276
1998-03-26,0.000660276
1998-03-27,0.000660276
1998-03-30,0.000660276
1998-03-31,0.000660276
1998-04-01,0.000660276
1998-04-02,0.000660276
1998-04-03,0.000660276
1998-04-06,0.000660276
1998-04-07,0.000660276
1998-04-08,0.000660276
1998-04-09,0.000660276
1998-04-10,0.000660276
1998-04-13,0.000660276
1998-04-14,0.000660276
1998-04-15,0.000660276
1998-04-16,0.000660276
1998-04-17,0.000660276
1998-04-20,0.000660276
1998-04-21,0.000660276
1998-04-22,0.000660276
1998-04-23,0.000660276
1998-04-24,0.000660276
1998-04-27,0.000660276
1998-04-28,0.000660276
1998-04-29,0.000660276
1998-04-30,0.000660276
1998-05-01,0.000660276
1998-05-04,0.000660276
1998-05-05,0.000660276
1998-05-06,0.000660276
1998-05-07,0.000660276
1998-05-08,0.000660276
1998-05-11,0.000660276
1998-05-12,0.000660276
1998-05-13,0.000660276
1998-05-14,0.000660276
1998-05-15,0.000660276
1998-05-18,0.000660276
1998-05-19,0.000660276
1998-05-20,0.000660276
1998-05-21,0.000660276
1998-05-22,0.000660276
1998-05-25,0.000660276
1998-05-26,0.000660276
1998-05-27,0.000660276
1998-05-28,0.000660276
1998-05-29,0.000660276
1998-06-01,0.000660276
1998-06-02,0.000660276
1998-06-03,0.000660276
1998-06-04,0.000660276
1998-06-05,0.000660276
1998-06-08,0.000660276
1998-06-09,0.000660276
1998-06-10,0.000660276
1998-06-11,0.000660276
1998-06-12,0.000660276
1998-06-15,0.000660276
1998-06-16,0.000660276
1998-06-17,0.000660276
1998-06-18,0.000660276
1998-06-19,0.000660276
1998-06-22,0.000660276
1998-06-23,0.000660276
1998-06-24,0.000660276
1998-06-25,0.000660276
1998-06-26,0.000660276
1998-06-29,0.000660276
1998-06-30,0.000660276
1998-07-01,0.000660276
1998-07-02,0.000660276
1998-07-03,0.000660276
1998-07-06,0.000660276
1998-07-07,0.000660276
1998-07-08,0.000764288
1998-07-09,0.000764288
1998-07-10,0.000764288
1998-07-13,0.000764288
1998-07-14,0.000764288
1998-07-15,0.000764288
1998-07-16,0.000764288
1998-07-17,0.000764288
1998-07-20,0.000764288
1998-07-21,0.000764288
1998-07-22,0.000764288
1998-07-23,0.000764288
1998-07-24,0.000764288
1998-07-27,0.000764288
1998-07-28,0.000764288
1998-07-29,0.000764288
1998-07-30,0.000764288
1998-07-31,0.000764288
1998-08-03,0.000764288
1998-08-04,0.000764288
1998-08-05,0.000764288
1998-08-06,0.000764288
1998-08-07,0.000764288
1998-08-10,0.000739724
1998-08-11,0.000739724
1998-08-12,0.000739724
1998-08-13,0.000739724
1998-08-14,0.000764288
1998-08-17,0.000764288
1998-08-18,0.000764288
1998-08-19,0.000764288
1998-08-20,0.000764288
1998-08-21,0.000764288
1998-08-24,0.000764288
1998-08-25,0.000764288
1998-08-26,0.000764288
1998-08-27,0.000764288
1998-08-28,0.000739724
1998-08-31,0.000739724
1998-09-01,0.000739724
1998-09-02,0.000739724
1998-09-03,0.000739724
1998-09-04,0.000739724
1998-09-07,0.000739724
1998-09-08,0.000739724
1998-09-09,0.000739724
1998-09-10,0.000739724
1998-09-11,0.000739724
1998-09-14,0.000739724
1998-09-15,0.000739724
1998-09-16,0.000739724
1998-09-17,0.000739724
1998-09-18,0.000739724
1998-09-21,0.000739724
1998-09-22,0.000739724
1998-09-23,0.000739724
1998-09-24,0.000739724
1998-09-25,0.000739724
1998-09-28,0.000739724
1998-09-29,0.000739724
1998-09-30,0.000739724
1998-10-01,0.000739724
1998-10-02,0.000739724
1998-10-05,0.000739724
1998-10-06,0.000739724
1998-10-07,0.000739724
1998-10-08,0.000739724
1998-10-09,0.000739724
1998-10-12,0.000764288
1998-10-13,0.000739724
1998-10-14,0.000739724
1998-10-15,0.000739724
1998-10-16,0.000764288
1998-10-19,0.000764288
1998-10-20,0.000764288
1998-10-21,0.000764288
1998-10-22,0.000764288
1998-10-23,0.000764288
1998-10-26,0.000764288
1998-10-27,0.000764288
1998-10-28,0.000764288
1998-10-29,0.000764288
1998-10-30,0.000764288
1998-11-02,0.000764288
1998-11-03,0.000764288
1998-11-04,0.000764288
1998-11-05,0.000764288
1998-11-06,0.000764288
1998-11-09,0.000764288
1998-11-10,0.000764288
1998-11-11,0.000764288
1998-11-12,0.000764288
1998-11-13,0.000764288
1998-11-16,0.000764288
1998-11-17,0.000764288
1998-11-18,0.000764288
1998-11-19,0.000764288
1998-11-20,0.000764288
1998-11-23,0.000764288
1998-11-24,0.000764288
1998-11-25,0.000764288
1998-11-26,0.000764288
1998-11-27,0.000764288
1998-11-30,0.000764288
1998-12-01,0.000764288
1998-12-02,0.000764288
1998-12-03,0.000764288
1998-12-04,0.000764288
1998-12-07,0.000764288
1998-12-08,0.000764288
1998-12-09,0.000764288
1998-12-10,0.000764288
1998-12-11,0.000764288
1998-12-14,0.000764288
1998-12-15,0.000764288
1998-12-16,0.000764288
1998-12-17,0.000764288
1998-12-18,0.000764288
1998-12-21,0.000764288
1998-12-22,0.000764288
1998-12-23,0.000764288
1998-12-24,0.000764288
1998-12-25,0.000764288
1998-12-28,0.000764288
1998-12-29,0.000764288
1998-12-30,0.000764288
1998-12-31,0.000764288
1999-01-01,0.000764288
1999-01-04,0.000764288
1999-01-05,0.0008614610000000001
1999-01-06,0.0008614610000000001
1999-01-07,0.0008614610000000001
1999-01-08,0.0008614610000000001
1999-01-11,0.0008614610000000001
1999-01-12,0.0008614610000000001
1999-01-13,0.0008614610000000001
1999-01-14,0.000835712
1999-01-15,0.000835712
1999-01-18,0.000835712
1999-01-19,0.000835712
1999-01-20,0.0008614610000000001
1999-01-21,0.0008614610000000001
1999-01-22,0.0008614610000000001
1999-01-25,0.0008614610000000001
1999-01-26,0.0008614610000000001
1999-01-27,0.0008614610000000001
1999-01-28,0.0008614610000000001
1999-01-29,0.0008614610000000001
1999-02-01,0.0008614610000000001
1999-02-02,0.0008614610000000001
1999-02-03,0.0008614610000000001
1999-02-04,0.0008614610000000001
1999-02-05,0.0008614610000000001
1999-02-08,0.0008614610000000001
1999-02-09,0.0008614610000000001
1999-02-10,0.000835712
1999-02-11,0.000835712
1999-02-12,0.0008614610000000001
1999-02-15,0.0008614610000000001
1999-02-16,0.0008614610000000001
1999-02-17,0.0008614610000000001
1999-02-18,0.000835712
1999-02-19,0.000835712
1999-02-22,0.000835712
1999-02-23,0.000835712
1999-02-24,0.000835712
1999-02-25,0.000835712
1999-02-26,0.000835712
1999-03-01,0.000835712
1999-03-02,0.000835712
1999-03-03,0.000835712
1999-03-04,0.000835712
1999-03-05,0.000835712
1999-03-08,0.000835712
1999-03-09,0.000835712
1999-03-10,0.000835712
1999-03-11,0.000835712
1999-03-12,0.000835712
1999-03-15,0.000835712
1999-03-16,0.000835712
1999-03-17,0.000835712
1999-03-18,0.000835712
1999-03-19,0.000835712
1999-03-22,0.000835712
1999-03-23,0.000835712
1999-03-24,0.000835712
1999-03-25,0.000835712
1999-03-26,0.000835712
1999-03-29,0.000835712
1999-03-30,0.000835712
1999-03-31,0.000835712
1999-04-01,0.000835712
1999-04-02,0.000835712
1999-04-05,0.000835712
1999-04-06,0.000835712
1999-04-07,0.000835712
1999-04-08,0.000835712
1999-04-09,0.000835712
1999-04-12,0.000835712
1999-04-13,0.000835712
1999-04-14,0.000835712
1999-04-15,0.000835712
1999-04-16,0.000835712
1999-04-19,0.000835712
1999-04-20,0.000835712
1999-04-21,0.000835712
1999-04-22,0.000835712
1999-04-23,0.000835712
1999-04-26,0.000835712
1999-04-27,0.000835712
1999-04-28,0.000835712
1999-04-29,0.0008614610000000001
1999-04-30,0.000835712
1999-05-03,0.000835712
1999-05-04,0.000835712
1999-05-05,0.000835712
1999-05-06,0.000835712
1999-05-07,0.000835712
1999-05-10,0.000835712
1999-05-11,0.000835712
1999-05-12,0.000835712
1999-05-13,0.000835712
1999-05-14,0.000835712
1999-05-17,0.000835712
1999-05-18,0.000835712
1999-05-19,0.000835712
1999-05-20,0.000835712
1999-05-21,0.000835712
1999-05-24,0.000835712
1999-05-25,0.000835712
1999-05-26,0.000835712
1999-05-27,0.000835712
1999-05-28,0.000835712
1999-05-31,0.000835712
1999-06-01,0.000835712
1999-06-02,0.000835712
1999-06-03,0.000835712
1999-06-04,0.000835712
1999-06-07,0.000835712
1999-06-08,0.000835712
1999-06-09,0.000835712
1999-06-10,0.000835712
1999-06-11,0.0008614610000000001
1999-06-14,0.0008614610000000001
1999-06-15,0.0008614610000000001
1999-06-16,0.0008614610000000001
1999-06-17,0.0008614610000000001
1999-06-18,0.0008614610000000001
1999-06-21,0.0008614610000000001
1999-06-22,0.0008614610000000001
1999-06-23,0.0008614610000000001
1999-06-24,0.0008614610000000001
1999-06-25,0.0008614610000000001
1999-06-28,0.0008614610000000001
1999-06-29,0.0008614610000000001
1999-06-30,0.0008614610000000001
1999-07-01,0.0008614610000000001
1999-07-02,0.0008614610000000001
1999-07-05,0.0008614610000000001
1999-07-06,0.0008614610000000001
1999-07-07,0.0008614610000000001
1999-07-08,0.000835712
1999-07-09,0.000835712
1999-07-12,0.000835712
1999-07-13,0.0008614610000000001
1999-07-14,0.000835712
1999-07-15,0.000835712
1999-07-16,0.000835712
1999-07-19,0.000835712
1999-07-20,0.000835712
1999-07-21,0.000835712
1999-07-22,0.000835712
1999-07-23,0.000835712
1999-07-26,0.000835712
1999-07-27,0.000835712
1999-07-28,0.000835712
1999-07-29,0.000835712
1999-07-30,0.000835712
1999-08-02,0.000835712
1999-08-03,0.000835712
1999-08-04,0.000835712
1999-08-05,0.000835712
1999-08-06,0.000835712
1999-08-09,0.000835712
1999-08-10,0.000835712
1999-08-11,0.000835712
1999-08-12,0.000835712
1999-08-13,0.000835712
1999-08-16,0.000835712
1999-08-17,0.000835712
1999-08-18,0.000835712
1999-08-19,0.000835712
1999-08-20,0.000835712
1999-08-23,0.000835712
1999-08-24,0.000835712
1999-08-25,0.000835712
1999-08-26,0.000835712
1999-08-27,0.000835712
1999-08-30,0.000835712
1999-08-31,0.000835712
1999-09-01,0.000835712
1999-09-02,0.000835712
1999-09-03,0.000835712
1999-09-06,0.000835712
1999-09-07,0.000835712
1999-09-08,0.000835712
1999-09-09,0.000835712
1999-09-10,0.000835712
1999-09-13,0.000835712
1999-09-14,0.000835712
1999-09-15,0.000835712
1999-09-16,0.000835712
1999-09-17,0.000835712
1999-09-20,0.000835712
1999-09-21,0.000835712
1999-09-22,0.000835712
1999-09-23,0.000835712
1999-09-24,0.000835712
1999-09-27,0.000835712
1999-09-28,0.000835712
1999-09-29,0.000835712
1999-09-30,0.000835712
1999-10-01,0.000835712
1999-10-04,0.000835712
1999-10-05,0.000835712
1999-10-06,0.000835712
1999-10-07,0.000835712
1999-10-08,0.000835712
1999-10-11,0.000835712
1999-10-12,0.000835712
1999-10-13,0.000835712
1999-10-14,0.000835712
1999-10-15,0.000835712
1999-10-18,0.000835712
1999-10-19,0.000835712
1999-10-20,0.000835712
1999-10-21,0.000835712
1999-10-22,0.000835712
1999-10-25,0.000835712
1999-10-26,0.000835712
1999-10-27,0.000835712
1999-10-28,0.000835712
1999-10-29,0.000835712
1999-11-01,0.000835712
1999-11-02,0.000835712
1999-11-03,0.000835712
1999-11-04,0.000835712
1999-11-05,0.000835712
1999-11-08,0.000835712
1999-11-09,0.000835712
1999-11-10,0.000835712
1999-11-11,0.0008614610000000001
1999-11-12,0.0008614610000000001
1999-11-15,0.0008614610000000001
1999-11-16,0.000835712
1999-11-17,0.000835712
1999-11-18,0.0008614610000000001
1999-11-19,0.0008614610000000001
1999-11-22,0.0008614610000000001
1999-11-23,0.0008614610000000001
1999-11-24,0.0008614610000000001
1999-11-25,0.0008614610000000001
1999-11-26,0.0008614610000000001
1999-11-29,0.0008614610000000001
1999-11-30,0.0008614610000000001
1999-12-01,0.0008614610000000001
1999-12-02,0.0008614610000000001
1999-12-03,0.0008614610000000001
1999-12-06,0.0008614610000000001
1999-12-07,0.0008614610000000001
1999-12-08,0.0008614610000000001
1999-12-09,0.0008614610000000001
1999-12-10,0.0008614610000000001
1999-12-13,0.0008614610000000001
1999-12-14,0.0008614610000000001
1999-12-15,0.0008614610000000001
1999-12-16,0.0008614610000000001
1999-12-17,0.0008614610000000001
1999-12-20,0.0008614610000000001
1999-12-21,0.0008614610000000001
1999-12-22,0.0008614610000000001
1999-12-23,0.0008614610000000001
1999-12-24,0.0008614610000000001
1999-12-27,0.0008614610000000001
1999-12-28,0.0008614610000000001
1999-12-29,0.0008614610000000001
1999-12-30,0.0008614610000000001
1999-12-31,0.0008614610000000001
2000-01-03,0.0008614610000000001
2000-01-04,0.0008614610000000001
2000-01-05,0.0008614610000000001
2000-01-06,0.0008614610000000001
2000-01-07,0.0008614610000000001
2000-01-10,0.0008614610000000001
2000-01-11,0.0008614610000000001
2000-01-12,0.0008614610000000001
2000-01-13,0.0008614610000000001
2000-01-14,0.0008614610000000001
2000-01-17,0.0008614610000000001
2000-01-18,0.0008614610000000001
2000-01-19,0.0008614610000000001
2000-01-20,0.0008614610000000001
2000-01-21,0.0008614610000000001
2000-01-24,0.0008614610000000001
2000-01-25,0.0008614610000000001
2000-01-26,0.0008614610000000001
2000-01-27,0.0008614610000000001
2000-01-28,0.0008614610000000001
2000-01-31,0.0008614610000000001
2000-02-01,0.0008614610000000001
2000-02-02,0.0008614610000000001
2000-02-03,0.0008614610000000001
2000-02-04,0.0008614610000000001
2000-02-07,0.0008614610000000001
2000-02-08,0.0008614610000000001
2000-02-09,0.0008614610000000001
2000-02-10,0.0008614610000000001
2000-02-11,0.0008614610000000001
2000-02-14,0.0008614610000000001
2000-02-15,0.0008614610000000001
2000-02-16,0.0008614610000000001
2000-02-17,0.0008614610000000001
2000-02-18,0.0008614610000000001
2000-02-21,0.0008614610000000001
2000-02-22,0.0008614610000000001
2000-02-23,0.0008614610000000001
2000-02-24,0.0008614610000000001
2000-02-25,0.0008614610000000001
2000-02-28,0.0008614610000000001
2000-02-29,0.0008614610000000001
2000-03-01,0.0008614610000000001
2000-03-02,0.0008614610000000001
2000-03-03,0.0008614610000000001
2000-03-06,0.0008614610000000001
2000-03-07,0.0008614610000000001
2000-03-08,0.0008614610000000001
2000-03-09,0.0008614610000000001
2000-03-10,0.0008614610000000001
2000-03-13,0.0008614610000000001
2000-03-14,0.0008614610000000001
2000-03-15,0.0008614610000000001
2000-03-16,0.0008614610000000001
2000-03-17,0.0008614610000000001
2000-03-20,0.0008614610000000001
2000-03-21,0.0008614610000000001
2000-03-22,0.0008614610000000001
2000-03-23,0.0008614610000000001
2000-03-24,0.0008614610000000001
2000-03-27,0.0008614610000000001
2000-03-28,0.0008614610000000001
2000-03-29,0.0008614610000000001
2000-03-30,0.0008614610000000001
2000-03-31,0.0008614610000000001
2000-04-03,0.0008614610000000001
2000-04-04,0.0008614610000000001
2000-04-05,0.0008614610000000001
2000-04-06,0.0008614610000000001
2000-04-07,0.0008614610000000001
2000-04-10,0.0008614610000000001
2000-04-11,0.0008614610000000001
2000-04-12,0.0008614610000000001
2000-04-13,0.0008614610000000001
2000-04-14,0.0008614610000000001
2000-04-17,0.0008614610000000001
2000-04-18,0.0008614610000000001
2000-04-19,0.0008614610000000001
2000-04-20,0.0008614610000000001
2000-04-21,0.0008614610000000001
2000-04-24,0.0008614610000000001
2000-04-25,0.0008614610000000001
2000-04-26,0.0008614610000000001
2000-04-27,0.0008614610000000001
2000-04-28,0.0008614610000000001
2000-05-01,0.0008614610000000001
2000-05-02,0.0008614610000000001
2000-05-03,0.0008614610000000001
2000-05-04,0.0008614610000000001
2000-05-05,0.0008614610000000001
2000-05-08,0.0008614610000000001
2000-05-09,0.0008614610000000001
2000-05-10,0.0008614610000000001
2000-05-11,0.0008614610000000001
2000-05-12,0.0008614610000000001
2000-05-15,0.0008614610000000001
2000-05-16,0.0008614610000000001
2000-05-17,0.0008614610000000001
2000-05-18,0.0008614610000000001
2000-05-19,0.0008614610000000001
2000-05-22,0.0008614610000000001
2000-05-23,0.0008614610000000001
2000-05-24,0.0008614610000000001
2000-05-25,0.0008614610000000001
2000-05-26,0.0008614610000000001
2000-05-29,0.0008614610000000001
2000-05-30,0.0008614610000000001
2000-05-31,0.0008614610000000001
2000-06-01,0.0008614610000000001
2000-06-02,0.0008614610000000001
2000-06-05,0.0008614610000000001
2000-06-06,0.0008614610000000001
2000-06-07,0.0008614610000000001
2000-06-08,0.0008614610000000001
2000-06-09,0.0008614610000000001
2000-06-12,0.0008614610000000001
2000-06-13,0.0008614610000000001
2000-06-14,0.0008614610000000001
2000-06-15,0.0008614610000000001
2000-06-16,0.0008614610000000001
2000-06-19,0.0008614610000000001
2000-06-20,0.0008614610000000001
2000-06-21,0.0008614610000000001
2000-06-22,0.0008614610000000001
2000-06-23,0.0008614610000000001
2000-06-26,0.0008614610000000001
2000-06-27,0.0008614610000000001
2000-06-28,0.0008614610000000001
2000-06-29,0.0008614610000000001
2000-06-30,0.0008614610000000001
2000-07-03,0.0008614610000000001
2000-07-04,0.0008614610000000001
2000-07-05,0.0008614610000000001
2000-07-06,0.0008614610000000001
2000-07-07,0.0008614610000000001
2000-07-10,0.0008614610000000001
2000-07-11,0.0008614610000000001
2000-07-12,0.0008614610000000001
2000-07-13,0.0008614610000000001
2000-07-14,0.0008614610000000001
2000-07-17,0.0008614610000000001
2000-07-18,0.0008614610000000001
2000-07-19,0.0008614610000000001
2000-07-20,0.0008614610000000001
2000-07-21,0.0008614610000000001
2000-07-24,0.0008614610000000001
2000-07-25,0.0008614610000000001
2000-07-26,0.0008614610000000001
2000-07-27,0.0008614610000000001
2000-07-28,0.0008614610000000001
2000-07-31,0.0008614610000000001
2000-08-01,0.0008614610000000001
2000-08-02,0.0008614610000000001
2000-08-03,0.0008614610000000001
2000-08-04,0.0008614610000000001
2000-08-07,0.0008614610000000001
2000-08-08,0.0008614610000000001
2000-08-09,0.0008614610000000001
2000-08-10,0.0008614610000000001
2000-08-11,0.0008614610000000001
2000-08-14,0.0008614610000000001
2000-08-15,0.0008614610000000001
2000-08-16,0.0008614610000000001
2000-08-17,0.0008614610000000001
2000-08-18,0.0008614610000000001
2000-08-21,0.0008614610000000001
2000-08-22,0.0008614610000000001
2000-08-23,0.0008614610000000001
2000-08-24,0.0008614610000000001
2000-08-25,0.0008614610000000001
2000-08-28,0.0008614610000000001
2000-08-29,0.0008614610000000001
2000-08-30,0.0008614610000000001
2000-08-31,0.0008614610000000001
2000-09-01,0.0008614610000000001
2000-09-04,0.0008614610000000001
2000-09-05,0.0008614610000000001
2000-09-06,0.0008614610000000001
2000-09-07,0.0008614610000000001
2000-09-08,0.0008614610000000001
2000-09-11,0.0008614610000000001
2000-09-12,0.0008614610000000001
2000-09-13,0.0008614610000000001
2000-09-14,0.0008614610000000001
2000-09-15,0.0008614610000000001
2000-09-18,0.0008614610000000001
2000-09-19,0.0008614610000000001
2000-09-20,0.0008614610000000001
2000-09-21,0.0008614610000000001
2000-09-22,0.0008614610000000001
2000-09-25,0.0008614610000000001
2000-09-26,0.0008614610000000001
2000-09-27,0.0008614610000000001
2000-09-28,0.0008614610000000001
2000-09-29,0.0008614610000000001
2000-10-02,0.0008614610000000001
2000-10-03,0.0008614610000000001
2000-10-04,0.0008614610000000001
2000-10-05,0.0008614610000000001
2000-10-06,0.0008614610000000001
2000-10-09,0.0008614610000000001
2000-10-10,0.0008614610000000001
2000-10-11,0.0008614610000000001
2000-10-12,0.0008614610000000001
2000-10-13,0.0008614610000000001
2000-10-16,0.0008614610000000001
2000-10-17,0.0008614610000000001
2000-10-18,0.0008614610000000001
2000-10-19,0.0008614610000000001
2000-10-20,0.0008614610000000001
2000-10-23,0.0008614610000000001
2000-10-24,0.0008614610000000001
2000-10-25,0.0008614610000000001
2000-10-26,0.0008614610000000001
2000-10-27,0.0008614610000000001
2000-10-30,0.0008614610000000001
2000-10-31,0.0008614610000000001
2000-11-01,0.0008614610000000001
2000-11-02,0.0008614610000000001
2000-11-03,0.0008614610000000001
2000-11-06,0.0008614610000000001
2000-11-07,0.0008614610000000001
2000-11-08,0.0008614610000000001
2000-11-09,0.0008614610000000001
2000-11-10,0.0008614610000000001
2000-11-13,0.0008614610000000001
2000-11-14,0.0008614610000000001
2000-11-15,0.0008614610000000001
2000-11-16,0.0008614610000000001
2000-11-17,0.0008614610000000001
2000-11-20,0.0008614610000000001
2000-11-21,0.0008614610000000001
2000-11-22,0.0008614610000000001
2000-11-23,0.000835712
2000-11-24,0.000835712
2000-11-27,0.000835712
2000-11-28,0.000835712
2000-11-29,0.000835712
2000-11-30,0.000835712
2000-12-01,0.000835712
2000-12-04,0.000835712
2000-12-05,0.000835712
2000-12-06,0.000835712
2000-12-07,0.000835712
2000-12-08,0.000835712
2000-12-11,0.000835712
2000-12-12,0.000835712
2000-12-13,0.000835712
2000-12-14,0.000835712
2000-12-15,0.000835712
2000-12-18,0.000835712
2000-12-19,0.000835712
2000-12-20,0.000835712
2000-12-21,0.000835712
2000-12-22,0.000835712
2000-12-25,0.000835712
2000-12-26,0.000835712
2000-12-27,0.000835712
2000-12-28,0.000835712
2000-12-29,0.000835712
2001-01-01,0.000835712
2001-01-02,0.000835712
2001-01-03,0.000835712
2001-01-04,0.000835712
2001-01-05,0.000835712
2001-01-08,0.000835712
2001-01-09,0.000835712
2001-01-10,0.000835712
2001-01-11,0.000835712
2001-01-12,0.000835712
2001-01-15,0.000835712
2001-01-16,0.000835712
2001-01-17,0.000835712
2001-01-18,0.000835712
2001-01-19,0.000835712
2001-01-22,0.000835712
2001-01-23,0.000835712
2001-01-24,0.000835712
2001-01-25,0.000835712
2001-01-26,0.000835712
2001-01-29,0.000835712
2001-01-30,0.000835712
2001-01-31,0.000835712
2001-02-01,0.000835712
2001-02-02,0.000835712
2001-02-05,0.000835712
2001-02-06,0.000835712
2001-02-07,0.000835712
2001-02-08,0.000835712
2001-02-09,0.000835712
2001-02-12,0.000835712
2001-02-13,0.000835712
2001-02-14,0.000835712
2001-02-15,0.000835712
2001-02-16,0.000835712
2001-02-19,0.000835712
2001-02-20,0.000835712
2001-02-21,0.000835712
2001-02-22,0.000835712
2001-02-23,0.000835712
2001-02-26,0.000835712
2001-02-27,0.000835712
2001-02-28,0.000835712
2001-03-01,0.000835712
2001-03-02,0.000835712
2001-03-05,0.000835712
2001-03-06,0.000835712
2001-03-07,0.000835712
2001-03-08,0.000835712
2001-03-09,0.000835712
2001-03-12,0.000835712
2001-03-13,0.000835712
2001-03-14,0.000835712
2001-03-15,0.000835712
2001-03-16,0.000835712
2001-03-19,0.000835712
2001-03-20,0.000835712
2001-03-21,0.000835712
2001-03-22,0.000835712
2001-03-23,0.000835712
2001-03-26,0.000835712
2001-03-27,0.000835712
2001-03-28,0.000835712
2001-03-29,0.000835712
2001-03-30,0.000835712
2001-04-02,0.000835712
2001-04-03,0.000739724
2001-04-04,0.000739724
2001-04-05,0.000739724
2001-04-06,0.000739724
2001-04-09,0.000739724
2001-04-10,0.000739724
2001-04-11,0.000764288
2001-04-12,0.000764288
2001-04-13,0.000764288
2001-04-16,0.000764288
2001-04-17,0.000764288
2001-04-18,0.000764288
2001-04-19,0.000764288
2001-04-20,0.000764288
2001-04-23,0.000764288
2001-04-24,0.000764288
2001-04-25,0.000764288
2001-04-26,0.000764288
2001-04-27,0.000764288
2001-04-30,0.000764288
2001-05-01,0.000764288
2001-05-02,0.000764288
2001-05-03,0.000764288
2001-05-04,0.000764288
2001-05-07,0.000764288
2001-05-08,0.000764288
2001-05-09,0.000764288
2001-05-10,0.000764288
2001-05-11,0.000764288
2001-05-14,0.000764288
2001-05-15,0.000764288
2001-05-16,0.000764288
2001-05-17,0.000764288
2001-05-18,0.000764288
2001-05-21,0.000764288
2001-05-22,0.000764288
2001-05-23,0.000764288
2001-05-24,0.000764288
2001-05-25,0.000764288
2001-05-28,0.000764288
2001-05-29,0.000764288
2001-05-30,0.000764288
2001-05-31,0.000764288
2001-06-01,0.000764288
2001-06-04,0.000764288
2001-06-05,0.000764288
2001-06-06,0.000764288
2001-06-07,0.000764288
2001-06-08,0.000764288
2001-06-11,0.000764288
2001-06-12,0.000764288
2001-06-13,0.000764288
2001-06-14,0.000764288
2001-06-15,0.000764288
2001-06-18,0.000764288
2001-06-19,0.000764288
2001-06-20,0.000764288
2001-06-21,0.000764288
2001-06-22,0.000764288
2001-06-25,0.000764288
2001-06-26,0.000764288
2001-06-27,0.000764288
2001-06-28,0.000764288
2001-06-29,0.000764288
2001-07-02,0.000764288
2001-07-03,0.000764288
2001-07-04,0.000764288
2001-07-05,0.000764288
2001-07-06,0.000764288
2001-07-09,0.000764288
2001-07-10,0.000764288
2001-07-11,0.000764288
2001-07-12,0.000764288
2001-07-13,0.000764288
2001-07-16,0.000764288
2001-07-17,0.000764288
2001-07-18,0.000764288
2001-07-19,0.000764288
2001-07-20,0.000764288
2001-07-23,0.000764288
2001-07-24,0.000764288
2001-07-25,0.000764288
2001-07-26,0.000764288
2001-07-27,0.000764288
2001-07-30,0.000764288
2001-07-31,0.000764288
2001-08-01,0.000764288
2001-08-02,0.000764288
2001-08-03,0.000764288
2001-08-06,0.000764288
2001-08-07,0.000764288
2001-08-08,0.000764288
2001-08-09,0.000764288
2001-08-10,0.000764288
2001-08-13,0.000764288
2001-08-14,0.000764288
2001-08-15,0.000764288
2001-08-16,0.000764288
2001-08-17,0.000764288
2001-08-20,0.000764288
2001-08-21,0.000764288
2001-08-22,0.000764288
2001-08-23,0.000764288
2001-08-24,0.000764288
2001-08-27,0.000764288
2001-08-28,0.000764288
2001-08-29,0.000764288
2001-08-30,0.000764288
2001-08-31,0.000764288
2001-09-03,0.000764288
2001-09-04,0.000764288
2001-09-05,0.000764288
2001-09-06,0.000764288
2001-09-07,0.000764288
2001-09-10,0.000764288
2001-09-11,0.000764288
2001-09-12,0.000764288
2001-09-13,0.000764288
2001-09-14,0.000764288
2001-09-17,0.000764288
2001-09-18,0.000764288
2001-09-19,0.000764288
2001-09-20,0.000764288
2001-09-21,0.000764288
2001-09-24,0.000764288
2001-09-25,0.000764288
2001-09-26,0.000764288
2001-09-27,0.000764288
2001-09-28,0.000764288
2001-10-01,0.000764288
2001-10-02,0.000764288
2001-10-03,0.000764288
2001-10-04,0.000764288
2001-10-05,0.000764288
2001-10-08,0.000764288
2001-10-09,0.000764288
2001-10-10,0.000764288
2001-10-11,0.000764288
2001-10-12,0.000764288
2001-10-15,0.000764288
2001-10-16,0.000764288
2001-10-17,0.000764288
2001-10-18,0.000764288
2001-10-19,0.000764288
2001-10-22,0.000764288
2001-10-23,0.000764288
2001-10-24,0.000764288
2001-10-25,0.000764288
2001-10-26,0.000764288
2001-10-29,0.000764288
2001-10-30,0.000764288
2001-10-31,0.000764288
2001-11-01,0.000764288
2001-11-02,0.000764288
2001-11-05,0.000764288
2001-11-06,0.000764288
2001-11-07,0.000764288
2001-11-08,0.000764288
2001-11-09,0.000764288
2001-11-12,0.000764288
2001-11-13,0.000764288
2001-11-14,0.000764288
2001-11-15,0.000764288
2001-11-16,0.000764288
2001-11-19,0.000764288
2001-11-20,0.000764288
2001-11-21,0.000764288
2001-11-22,0.000764288
2001-11-23,0.000764288
2001-11-26,0.000764288
2001-11-27,0.000764288
2001-11-28,0.000764288
2001-11-29,0.000764288
2001-11-30,0.000764288
2001-12-03,0.000764288
2001-12-04,0.000764288
2001-12-05,0.000764288
2001-12-06,0.000764288
2001-12-07,0.000764288
2001-12-10,0.000764288
2001-12-11,0.000764288
2001-12-12,0.000764288
2001-12-13,0.000764288
2001-12-14,0.000764288
2001-12-17,0.000764288
2001-12-18,0.000764288
2001-12-19,0.000764288
2001-12-20,0.000764288
2001-12-21,0.000764288
2001-12-24,0.000764288
2001-12-25,0.000764288
2001-12-26,0.000764288
2001-12-27,0.000764288
2001-12-28,0.000764288
2001-12-31,0.000764288
2002-01-01,0.000764288
2002-01-02,0.000764288
2002-01-03,0.000764288
2002-01-04,0.000764288
2002-01-07,0.000764288
2002-01-08,0.000764288
2002-01-09,0.000764288
2002-01-10,0.000764288
2002-01-11,0.000764288
2002-01-14,0.000764288
2002-01-15,0.000764288
2002-01-16,0.000764288
2002-01-17,0.000764288
2002-01-18,0.000764288
2002-01-21,0.000764288
2002-01-22,0.000764288
2002-01-23,0.000764288
2002-01-24,0.000764288
2002-01-25,0.000764288
2002-01-28,0.000764288
2002-01-29,0.000764288
2002-01-30,0.000764288
2002-01-31,0.000764288
2002-02-01,0.000764288
2002-02-04,0.000764288
2002-02-05,0.000764288
2002-02-06,0.000764288
2002-02-07,0.000764288
2002-02-08,0.000764288
2002-02-11,0.000764288
2002-02-12,0.000764288
2002-02-13,0.000764288
2002-02-14,0.000764288
2002-02-15,0.000764288
2002-02-18,0.000764288
2002-02-19,0.000764288
2002-02-20,0.000764288
2002-02-21,0.000764288
2002-02-22,0.000764288
2002-02-25,0.000764288
2002-02-26,0.000764288
2002-02-27,0.000764288
2002-02-28,0.000764288
2002-03-01,0.000764288
2002-03-04,0.000764288
2002-03-05,0.000764288
2002-03-06,0.000764288
2002-03-07,0.000764288
2002-03-08,0.000764288
2002-03-11,0.000764288
2002-03-12,0.000764288
2002-03-13,0.000764288
2002-03-14,0.000764288
2002-03-15,0.000764288
2002-03-18,0.000764288
2002-03-19,0.000764288
2002-03-20,0.000764288
2002-03-21,0.000764288
2002-03-22,0.000764288
2002-03-25,0.000764288
2002-03-26,0.000764288
2002-03-27,0.000764288
2002-03-28,0.000764288
2002-03-29,0.000764288
2002-04-01,0.000764288
2002-04-02,0.000764288
2002-04-03,0.000764288
2002-04-04,0.000764288
2002-04-05,0.000764288
2002-04-08,0.000764288
2002-04-09,0.000764288
2002-04-10,0.000764288
2002-04-11,0.000764288
2002-04-12,0.000764288
2002-04-15,0.000764288
2002-04-16,0.000764288
2002-04-17,0.000764288
2002-04-18,0.000764288
2002-04-19,0.000764288
2002-04-22,0.000764288
2002-04-23,0.000764288
2002-04-24,0.000764288
2002-04-25,0.000764288
2002-04-26,0.000764288
2002-04-29,0.000764288
2002-04-30,0.000764288
2002-05-01,0.000764288
2002-05-02,0.000764288
2002-05-03,0.000764288
2002-05-06,0.000764288
2002-05-07,0.000764288
2002-05-08,0.000764288
2002-05-09,0.000764288
2002-05-10,0.000764288
2002-05-13,0.000764288
2002-05-14,0.000764288
2002-05-15,0.000764288
2002-05-16,0.000764288
2002-05-17,0.000764288
2002-05-20,0.000764288
2002-05-21,0.000764288
2002-05-22,0.000764288
2002-05-23,0.000764288
2002-05-24,0.000764288
2002-05-27,0.000764288
2002-05-28,0.000764288
2002-05-29,0.000764288
2002-05-30,0.000764288
2002-05-31,0.000764288
2002-06-03,0.000764288
2002-06-04,0.000764288
2002-06-05,0.000764288
2002-06-06,0.000764288
2002-06-07,0.000764288
2002-06-10,0.000764288
2002-06-11,0.000764288
2002-06-12,0.000764288
2002-06-13,0.000764288
2002-06-14,0.000764288
2002-06-17,0.000764288
2002-06-18,0.000764288
2002-06-19,0.000764288
2002-06-20,0.000764288
2002-06-21,0.000764288
2002-06-24,0.000764288
2002-06-25,0.000764288
2002-06-26,0.000764288
2002-06-27,0.000764288
2002-06-28,0.000764288
2002-07-01,0.000764288
2002-07-02,0.000764288
2002-07-03,0.000764288
2002-07-04,0.000764288
2002-07-05,0.000764288
2002-07-08,0.000764288
2002-07-09,0.000764288
2002-07-10,0.0008614610000000001
2002-07-11,0.0008614610000000001
2002-07-12,0.0008614610000000001
2002-07-15,0.000835712
2002-07-16,0.0008614610000000001
2002-07-17,0.0008614610000000001
2002-07-18,0.0008614610000000001
2002-07-19,0.0008614610000000001
2002-07-22,0.0008614610000000001
2002-07-23,0.0008614610000000001
2002-07-24,0.0008614610000000001
2002-07-25,0.0008614610000000001
2002-07-26,0.0008614610000000001
2002-07-29,0.0008614610000000001
2002-07-30,0.000835712
2002-07-31,0.000835712
2002-08-01,0.000835712
2002-08-02,0.000835712
2002-08-05,0.000835712
2002-08-06,0.000835712
2002-08-07,0.000835712
2002-08-08,0.000835712
2002-08-09,0.000835712
2002-08-12,0.000835712
2002-08-13,0.000835712
2002-08-14,0.000835712
2002-08-15,0.000835712
2002-08-16,0.000835712
2002-08-19,0.000835712
2002-08-20,0.000835712
2002-08-21,0.000835712
2002-08-22,0.000835712
2002-08-23,0.000835712
2002-08-26,0.000835712
2002-08-27,0.000835712
2002-08-28,0.000835712
2002-08-29,0.000835712
2002-08-30,0.000835712
2002-09-02,0.000835712
2002-09-03,0.000835712
2002-09-04,0.000835712
2002-09-05,0.000835712
2002-09-06,0.000835712
2002-09-09,0.000835712
2002-09-10,0.000835712
2002-09-11,0.000835712
2002-09-12,0.000835712
2002-09-13,0.000835712
2002-09-16,0.000835712
2002-09-17,0.000835712
2002-09-18,0.000835712
2002-09-19,0.000835712
2002-09-20,0.000835712
2002-09-23,0.000835712
2002-09-24,0.000835712
2002-09-25,0.000835712
2002-09-26,0.000835712
2002-09-27,0.000835712
2002-09-30,0.000835712
2002-10-01,0.000835712
2002-10-02,0.000835712
2002-10-03,0.000835712
2002-10-04,0.000835712
2002-10-07,0.000835712
2002-10-08,0.000835712
2002-10-09,0.000835712
2002-10-10,0.000835712
2002-10-11,0.000835712
2002-10-14,0.000835712
2002-10-15,0.000835712
2002-10-16,0.000835712
2002-10-17,0.000835712
2002-10-18,0.000835712
2002-10-21,0.000835712
2002-10-22,0.000835712
2002-10-23,0.000835712
2002-10-24,0.000835712
2002-10-25,0.000835712
2002-10-28,0.000835712
2002-10-29,0.000835712
2002-10-30,0.000835712
2002-10-31,0.000835712
2002-11-01,0.000835712
2002-11-04,0.000835712
2002-11-05,0.000835712
2002-11-06,0.000835712
2002-11-07,0.000835712
2002-11-08,0.000835712
2002-11-11,0.000835712
2002-11-12,0.000835712
2002-11-13,0.000835712
2002-11-14,0.000835712
2002-11-15,0.000835712
2002-11-18,0.000835712
2002-11-19,0.000835712
2002-11-20,0.000835712
2002-11-21,0.000835712
2002-11-22,0.000835712
2002-11-25,0.000835712
2002-11-26,0.000835712
2002-11-27,0.000835712
2002-11-28,0.000835712
2002-11-29,0.000835712
2002-12-02,0.000835712
2002-12-03,0.000835712
2002-12-04,0.000835712
2002-12-05,0.000835712
2002-12-06,0.000835712
2002-12-09,0.000835712
2002-12-10,0.000835712
2002-12-11,0.000835712
2002-12-12,0.000835712
2002-12-13,0.000835712
2002-12-16,0.000835712
2002-12-17,0.000835712
2002-12-18,0.000835712
2002-12-19,0.000835712
2002-12-20,0.000835712
2002-12-23,0.000835712
2002-12-24,0.000835712
2002-12-25,0.000835712
2002-12-26,0.000835712
2002-12-27,0.000835712
2002-12-30,0.000835712
2002-12-31,0.000835712
2003-01-01,0.000835712
2003-01-02,0.000835712
2003-01-03,0.000835712
2003-01-06,0.000835712
2003-01-07,0.000835712
2003-01-08,0.000835712
2003-01-09,0.000835712
2003-01-10,0.000835712
2003-01-13,0.000835712
2003-01-14,0.0008614610000000001
2003-01-15,0.0008614610000000001
2003-01-16,0.0008614610000000001
2003-01-17,0.0008614610000000001
2003-01-20,0.0008614610000000001
2003-01-21,0.0008614610000000001
2003-01-22,0.0008614610000000001
2003-01-23,0.000835712
2003-01-24,0.0008614610000000001
2003-01-27,0.0008614610000000001
2003-01-28,0.0008614610000000001
2003-01-29,0.0008614610000000001
2003-01-30,0.0008614610000000001
2003-01-31,0.0008614610000000001
2003-02-03,0.0008614610000000001
2003-02-04,0.000835712
2003-02-05,0.0008614610000000001
2003-02-06,0.0008614610000000001
2003-02-07,0.0008614610000000001
2003-02-10,0.000835712
2003-02-11,0.000835712
2003-02-12,0.000835712
2003-02-13,0.000835712
2003-02-14,0.000835712
2003-02-17,0.000835712
2003-02-18,0.000835712
2003-02-19,0.000835712
2003-02-20,0.000835712
2003-02-21,0.000835712
2003-02-24,0.000835712
2003-02-25,0.000835712
2003-02-26,0.000835712
2003-02-27,0.000835712
2003-02-28,0.000835712
2003-03-03,0.000835712
2003-03-04,0.000835712
2003-03-05,0.000835712
2003-03-06,0.000835712
2003-03-07,0.000835712
2003-03-10,0.000835712
2003-03-11,0.000835712
2003-03-12,0.000835712
2003-03-13,0.000835712
2003-03-14,0.000835712
2003-03-17,0.000835712
2003-03-18,0.000835712
2003-03-19,0.000835712
2003-03-20,0.000835712
2003-03-21,0.000835712
2003-03-24,0.000835712
2003-03-25,0.000835712
2003-03-26,0.000835712
2003-03-27,0.000835712
2003-03-28,0.000835712
2003-03-31,0.000835712
2003-04-01,0.000835712
2003-04-02,0.000835712
2003-04-03,0.000835712
2003-04-04,0.000835712
2003-04-07,0.000835712
2003-04-08,0.000835712
2003-04-09,0.000835712
2003-04-10,0.000835712
2003-04-11,0.000835712
2003-04-14,0.000835712
2003-04-15,0.000835712
2003-04-16,0.000835712
2003-04-17,0.000835712
2003-04-18,0.000835712
2003-04-21,0.000835712
2003-04-22,0.000835712
2003-04-23,0.000835712
2003-04-24,0.000835712
2003-04-25,0.000835712
2003-04-28,0.000835712
2003-04-29,0.000835712
2003-04-30,0.000835712
2003-05-01,0.000835712
2003-05-02,0.000835712
2003-05-05,0.000835712
2003-05-06,0.000835712
2003-05-07,0.000835712
2003-05-08,0.000835712
2003-05-09,0.000835712
2003-05-12,0.000835712
2003-05-13,0.000835712
2003-05-14,0.000835712
2003-05-15,0.000835712
2003-05-16,0.000835712
2003-05-19,0.000835712
2003-05-20,0.000835712
2003-05-21,0.000835712
2003-05-22,0.000835712
2003-05-23,0.000835712
2003-05-26,0.000835712
2003-05-27,0.000835712
2003-05-28,0.000835712
2003-05-29,0.000835712
2003-05-30,0.000835712
2003-06-02,0.000835712
2003-06-03,0.000835712
2003-06-04,0.000835712
2003-06-05,0.000835712
2003-06-06,0.000835712
2003-06-09,0.000835712
2003-06-10,0.000835712
2003-06-11,0.000835712
2003-06-12,0.000835712
2003-06-13,0.000835712
2003-06-16,0.000835712
2003-06-17,0.000835712
2003-06-18,0.000835712
2003-06-19,0.000835712
2003-06-20,0.000835712
2003-06-23,0.000835712
2003-06-24,0.000835712
2003-06-25,0.000835712
2003-06-26,0.000835712
2003-06-27,0.000835712
2003-06-30,0.000835712
2003-07-01,0.000835712
2003-07-02,0.000835712
2003-07-03,0.000835712
2003-07-04,0.000835712
2003-07-07,0.000835712
2003-07-08,0.000835712
2003-07-09,0.0008614610000000001
2003-07-10,0.0008614610000000001
2003-07-11,0.000835712
2003-07-14,0.000835712
2003-07-15,0.000835712
2003-07-16,0.000835712
2003-07-17,0.000835712
2003-07-18,0.0008614610000000001
2003-07-21,0.000835712
2003-07-22,0.0008614610000000001
2003-07-23,0.000835712
2003-07-24,0.000835712
2003-07-25,0.0008614610000000001
2003-07-28,0.000835712
2003-07-29,0.000835712
2003-07-30,0.000835712
2003-07-31,0.000835712
2003-08-01,0.000835712
2003-08-04,0.000835712
2003-08-05,0.000835712
2003-08-06,0.000835712
2003-08-07,0.000835712
2003-08-08,0.000835712
2003-08-11,0.000835712
2003-08-12,0.000835712
2003-08-13,0.000835712
2003-08-14,0.000835712
2003-08-15,0.000835712
2003-08-18,0.000835712
2003-08-19,0.000835712
2003-08-20,0.000835712
2003-08-21,0.0008614610000000001
2003-08-22,0.000835712
2003-08-25,0.0008614610000000001
2003-08-26,0.0008614610000000001
2003-08-27,0.0008614610000000001
2003-08-28,0.000835712
2003-08-29,0.000835712
2003-09-01,0.0008614610000000001
2003-09-02,0.0008614610000000001
2003-09-03,0.000835712
2003-09-04,0.0008614610000000001
2003-09-05,0.0008614610000000001
2003-09-08,0.0008614610000000001
2003-09-09,0.0008614610000000001
2003-09-10,0.0008614610000000001
2003-09-11,0.0008614610000000001
2003-09-12,0.0008614610000000001
2003-09-15,0.0008614610000000001
2003-09-16,0.0008614610000000001
2003-09-17,0.0008614610000000001
2003-09-18,0.0008614610000000001
2003-09-19,0.0008614610000000001
2003-09-22,0.0008614610000000001
2003-09-23,0.0008614610000000001
2003-09-24,0.0008614610000000001
2003-09-25,0.0008614610000000001
2003-09-26,0.0008614610000000001
2003-09-29,0.0008614610000000001
2003-09-30,0.0008614610000000001
2003-10-01,0.0008614610000000001
2003-10-02,0.0008614610000000001
2003-10-03,0.0008614610000000001
2003-10-06,0.0008614610000000001
2003-10-07,0.0008614610000000001
2003-10-08,0.0008614610000000001
2003-10-09,0.0008614610000000001
2003-10-10,0.0008614610000000001
2003-10-13,0.0008614610000000001
2003-10-14,0.0008614610000000001
2003-10-15,0.0008614610000000001
2003-10-16,0.0008614610000000001
2003-10-17,0.000835712
2003-10-20,0.000835712
2003-10-21,0.000835712
2003-10-22,0.000835712
2003-10-23,0.000835712
2003-10-24,0.000835712
2003-10-27,0.000835712
2003-10-28,0.000835712
2003-10-29,0.000835712
2003-10-30,0.000835712
2003-10-31,0.000835712
2003-11-03,0.000835712
2003-11-04,0.000835712
2003-11-05,0.000835712
2003-11-06,0.000835712
2003-11-07,0.000835712
2003-11-10,0.000835712
2003-11-11,0.000835712
2003-11-12,0.000835712
2003-11-13,0.0008614610000000001
2003-11-14,0.0008614610000000001
2003-11-17,0.0008614610000000001
2003-11-18,0.000835712
2003-11-19,0.0008614610000000001
2003-11-20,0.000835712
2003-11-21,0.000835712
2003-11-24,0.000835712
2003-11-25,0.000835712
2003-11-26,0.000835712
2003-11-27,0.000835712
2003-11-28,0.000835712
2003-12-01,0.000835712
2003-12-02,0.000835712
2003-12-03,0.000835712
2003-12-04,0.000835712
2003-12-05,0.000835712
2003-12-08,0.000835712
2003-12-09,0.000835712
2003-12-10,0.000835712
2003-12-11,0.000835712
2003-12-12,0.000835712
2003-12-15,0.000835712
2003-12-16,0.000835712
2003-12-17,0.000835712
2003-12-18,0.000835712
2003-12-19,0.000835712
2003-12-22,0.000835712
2003-12-23,0.000835712
2003-12-24,0.000835712
2003-12-25,0.000835712
2003-12-26,0.000835712
2003-12-29,0.000835712
2003-12-30,0.000835712
2003-12-31,0.000835712
2004-01-01,0.000835712
2004-01-02,0.000835712
2004-01-05,0.000835712
2004-01-06,0.000835712
2004-01-07,0.000835712
2004-01-08,0.000835712
2004-01-09,0.000835712
2004-01-12,0.000835712
2004-01-13,0.000835712
2004-01-14,0.000835712
2004-01-15,0.000835712
2004-01-16,0.000835712
2004-01-19,0.000835712
2004-01-20,0.000835712
2004-01-21,0.000835712
2004-01-22,0.000835712
2004-01-23,0.000835712
2004-01-26,0.000835712
2004-01-27,0.000835712
2004-01-28,0.000835712
2004-01-29,0.000835712
2004-01-30,0.0008614610000000001
2004-02-02,0.0008614610000000001
2004-02-03,0.0008614610000000001
2004-02-04,0.0008614610000000001
2004-02-05,0.0008614610000000001
2004-02-06,0.0008614610000000001
2004-02-09,0.0008614610000000001
2004-02-10,0.0008614610000000001
2004-02-11,0.0008614610000000001
2004-02-12,0.0008614610000000001
2004-02-13,0.0008614610000000001
2004-02-16,0.0008614610000000001
2004-02-17,0.0008614610000000001
2004-02-18,0.0008614610000000001
2004-02-19,0.0008614610000000001
2004-02-20,0.0008614610000000001
2004-02-23,0.0008614610000000001
2004-02-24,0.000835712
2004-02-25,0.000835712
2004-02-26,0.0008614610000000001
2004-02-27,0.000835712
2004-03-01,0.0008614610000000001
2004-03-02,0.000835712
2004-03-03,0.0008614610000000001
2004-03-04,0.0008614610000000001
2004-03-05,0.0008614610000000001
2004-03-08,0.0008614610000000001
2004-03-09,0.0008614610000000001
2004-03-10,0.0008614610000000001
2004-03-11,0.0008614610000000001
2004-03-12,0.0008614610000000001
2004-03-15,0.0008614610000000001
2004-03-16,0.0008614610000000001
2004-03-17,0.0008614610000000001
2004-03-18,0.0008614610000000001
2004-03-19,0.0008614610000000001
2004-03-22,0.0008614610000000001
2004-03-23,0.0008614610000000001
2004-03-24,0.0008614610000000001
2004-03-25,0.0008614610000000001
2004-03-26,0.0008614610000000001
2004-03-29,0.000835712
2004-03-30,0.0008614610000000001
2004-03-31,0.0008614610000000001
2004-04-01,0.0008614610000000001
2004-04-02,0.0008614610000000001
2004-04-05,0.000835712
2004-04-06,0.0008614610000000001
2004-04-07,0.0008614610000000001
2004-04-08,0.0008614610000000001
2004-04-09,0.0008614610000000001
2004-04-12,0.0008614610000000001
2004-04-13,0.0008614610000000001
2004-04-14,0.0008614610000000001
2004-04-15,0.0008614610000000001
2004-04-16,0.0008614610000000001
2004-04-19,0.0008614610000000001
2004-04-20,0.0008614610000000001
2004-04-21,0.0008614610000000001
2004-04-22,0.0008614610000000001
2004-04-23,0.0008614610000000001
2004-04-26,0.0008614610000000001
2004-04-27,0.0008614610000000001
2004-04-28,0.0008614610000000001
2004-04-29,0.0008614610000000001
2004-04-30,0.0008614610000000001
2004-05-03,0.0008614610000000001
2004-05-04,0.0008614610000000001
2004-05-05,0.0008614610000000001
2004-05-06,0.0008614610000000001
2004-05-07,0.0008614610000000001
2004-05-10,0.0008614610000000001
2004-05-11,0.000835712
2004-05-12,0.000835712
2004-05-13,0.000835712
2004-05-14,0.000835712
2004-05-17,0.000835712
2004-05-18,0.000835712
2004-05-19,0.000835712
2004-05-20,0.0008614610000000001
2004-05-21,0.000835712
2004-05-24,0.000835712
2004-05-25,0.000835712
2004-05-26,0.000835712
2004-05-27,0.000835712
2004-05-28,0.0008614610000000001
2004-05-31,0.0008614610000000001
2004-06-01,0.0008614610000000001
2004-06-02,0.0008614610000000001
2004-06-03,0.0008614610000000001
2004-06-04,0.0008614610000000001
2004-06-07,0.0008614610000000001
2004-06-08,0.0008614610000000001
2004-06-09,0.0008614610000000001
2004-06-10,0.0008614610000000001
2004-06-11,0.0008614610000000001
2004-06-14,0.0008614610000000001
2004-06-15,0.0008614610000000001
2004-06-16,0.0008614610000000001
2004-06-17,0.0008614610000000001
2004-06-18,0.0008614610000000001
2004-06-21,0.0008614610000000001
2004-06-22,0.0008614610000000001
2004-06-23,0.0008614610000000001
2004-06-24,0.0008614610000000001
2004-06-25,0.0008614610000000001
2004-06-28,0.0008614610000000001
2004-06-29,0.0008614610000000001
2004-06-30,0.0008614610000000001
2004-07-01,0.0008614610000000001
2004-07-02,0.0008614610000000001
2004-07-05,0.0008614610000000001
2004-07-06,0.0008614610000000001
2004-07-07,0.0008614610000000001
2004-07-08,0.0008614610000000001
2004-07-09,0.0008614610000000001
2004-07-12,0.0008614610000000001
2004-07-13,0.0008614610000000001
2004-07-14,0.0008614610000000001
2004-07-15,0.0008614610000000001
2004-07-16,0.0008614610000000001
2004-07-19,0.0008614610000000001
2004-07-20,0.0008614610000000001
2004-07-21,0.0008614610000000001
2004-07-22,0.0008614610000000001
2004-07-23,0.0008614610000000001
2004-07-26,0.0008614610000000001
2004-07-27,0.0008614610000000001
2004-07-28,0.0008614610000000001
2004-07-29,0.0008614610000000001
2004-07-30,0.0008614610000000001
2004-08-02,0.0008614610000000001
2004-08-03,0.0008614610000000001
2004-08-04,0.0008614610000000001
2004-08-05,0.0008614610000000001
2004-08-06,0.0008614610000000001
2004-08-09,0.0008614610000000001
2004-08-10,0.0008614610000000001
2004-08-11,0.0008614610000000001
2004-08-12,0.0008614610000000001
2004-08-13,0.0008614610000000001
2004-08-16,0.0008614610000000001
2004-08-17,0.0008614610000000001
2004-08-18,0.0008614610000000001
2004-08-19,0.0008614610000000001
2004-08-20,0.0008614610000000001
2004-08-23,0.0008614610000000001
2004-08-24,0.0008614610000000001
2004-08-25,0.0008614610000000001
2004-08-26,0.0008614610000000001
2004-08-27,0.0008614610000000001
2004-08-30,0.0008614610000000001
2004-08-31,0.0008614610000000001
2004-09-01,0.0008614610000000001
2004-09-02,0.0008614610000000001
2004-09-03,0.0008614610000000001
2004-09-06,0.0008614610000000001
2004-09-07,0.0008614610000000001
2004-09-08,0.0008614610000000001
2004-09-09,0.0008614610000000001
2004-09-10,0.0008614610000000001
2004-09-13,0.0008614610000000001
2004-09-14,0.0008614610000000001
2004-09-15,0.0008614610000000001
2004-09-16,0.0008614610000000001
2004-09-17,0.0008614610000000001
2004-09-20,0.0008614610000000001
2004-09-21,0.0008614610000000001
2004-09-22,0.0008614610000000001
2004-09-23,0.0008614610000000001
2004-09-24,0.0008614610000000001
2004-09-27,0.0008614610000000001
2004-09-28,0.0008614610000000001
2004-09-29,0.0008614610000000001
2004-09-30,0.0008614610000000001
2004-10-01,0.0008614610000000001
2004-10-04,0.0008614610000000001
2004-10-05,0.0008614610000000001
2004-10-06,0.0008614610000000001
2004-10-07,0.0008614610000000001
2004-10-08,0.0008614610000000001
2004-10-11,0.0008614610000000001
2004-10-12,0.0008614610000000001
2004-10-13,0.0008614610000000001
2004-10-14,0.0008614610000000001
2004-10-15,0.0008614610000000001
2004-10-18,0.0008614610000000001
2004-10-19,0.0008614610000000001
2004-10-20,0.0008614610000000001
2004-10-21,0.0008614610000000001
2004-10-22,0.0008614610000000001
2004-10-25,0.0008614610000000001
2004-10-26,0.0008614610000000001
2004-10-27,0.0008614610000000001
2004-10-28,0.0008614610000000001
2004-10-29,0.0008614610000000001
2004-11-01,0.0008614610000000001
2004-11-02,0.0008614610000000001
2004-11-03,0.0008614610000000001
2004-11-04,0.0008614610000000001
2004-11-05,0.0008614610000000001
2004-11-08,0.0008614610000000001
2004-11-09,0.0008614610000000001
2004-11-10,0.0008614610000000001
2004-11-11,0.0008614610000000001
2004-11-12,0.0008614610000000001
2004-11-15,0.0008614610000000001
2004-11-16,0.0008614610000000001
2004-11-17,0.0008614610000000001
2004-11-18,0.0008614610000000001
2004-11-19,0.0008614610000000001
2004-11-22,0.0008614610000000001
2004-11-23,0.0008614610000000001
2004-11-24,0.0008614610000000001
2004-11-25,0.0008614610000000001
2004-11-26,0.0008614610000000001
2004-11-29,0.0009627269999999999
2004-11-30,0.0009627269999999999
2004-12-01,0.0009627269999999999
2004-12-02,0.0009627269999999999
2004-12-03,0.0009627269999999999
2004-12-06,0.000938539
2004-12-07,0.0009627269999999999
2004-12-08,0.0009627269999999999
2004-12-09,0.000938539
2004-12-10,0.000938539
2004-12-13,0.000938539
2004-12-14,0.000938539
2004-12-15,0.000938539
2004-12-16,0.000938539
2004-12-17,0.000938539
2004-12-20,0.000938539
2004-12-21,0.000938539
2004-12-22,0.000938539
2004-12-23,0.000938539
2004-12-24,0.0009627269999999999
2004-12-27,0.0009627269999999999
2004-12-28,0.0009627269999999999
2004-12-29,0.0009627269999999999
2004-12-30,0.0009627269999999999
2004-12-31,0.0009627269999999999
2005-01-03,0.0009627269999999999
2005-01-04,0.0009627269999999999
2005-01-05,0.0009627269999999999
2005-01-06,0.0009627269999999999
2005-01-07,0.000938539
2005-01-10,0.000938539
2005-01-11,0.000938539
2005-01-12,0.0009627269999999999
2005-01-13,0.0009627269999999999
2005-01-14,0.0009627269999999999
2005-01-17,0.0009627269999999999
2005-01-18,0.0009627269999999999
2005-01-19,0.0009627269999999999
2005-01-20,0.0009627269999999999
2005-01-21,0.0009627269999999999
2005-01-24,0.0009627269999999999
2005-01-25,0.0009627269999999999
2005-01-26,0.0009627269999999999
2005-01-27,0.0009627269999999999
2005-01-28,0.0009627269999999999
2005-01-31,0.0009627269999999999
2005-02-01,0.0009627269999999999
2005-02-02,0.0009627269999999999
2005-02-03,0.0009627269999999999
2005-02-04,0.0009627269999999999
2005-02-07,0.0009627269999999999
2005-02-08,0.0009627269999999999
2005-02-09,0.0009627269999999999
2005-02-10,0.0009627269999999999
2005-02-11,0.0009627269999999999
2005-02-14,0.0009627269999999999
2005-02-15,0.0009627269999999999
2005-02-16,0.0009627269999999999
2005-02-17,0.0009627269999999999
2005-02-18,0.0009627269999999999
2005-02-21,0.0009627269999999999
2005-02-22,0.0009627269999999999
2005-02-23,0.0009627269999999999
2005-02-24,0.0009627269999999999
2005-02-25,0.0009627269999999999
2005-02-28,0.0009627269999999999
2005-03-01,0.0009627269999999999
2005-03-02,0.0009627269999999999
2005-03-03,0.0009627269999999999
2005-03-04,0.0009627269999999999
2005-03-07,0.0009627269999999999
2005-03-08,0.0009627269999999999
2005-03-09,0.0009627269999999999
2005-03-10,0.0009627269999999999
2005-03-11,0.0009627269999999999
2005-03-14,0.0009627269999999999
2005-03-15,0.0009627269999999999
2005-03-16,0.0009627269999999999
2005-03-17,0.0009627269999999999
2005-03-18,0.0009627269999999999
2005-03-21,0.0009627269999999999
2005-03-22,0.0009627269999999999
2005-03-23,0.0009627269999999999
2005-03-24,0.0009627269999999999
2005-03-25,0.0009627269999999999
2005-03-28,0.0009627269999999999
2005-03-29,0.0009627269999999999
2005-03-30,0.0009627269999999999
2005-03-31,0.0009627269999999999
2005-04-01,0.0009627269999999999
2005-04-04,0.0009627269999999999
2005-04-05,0.0009627269999999999
2005-04-06,0.0009627269999999999
2005-04-07,0.0009627269999999999
2005-04-08,0.0009627269999999999
2005-04-11,0.0009627269999999999
2005-04-12,0.0009627269999999999
2005-04-13,0.0009627269999999999
2005-04-14,0.0009627269999999999
2005-04-15,0.0009627269999999999
2005-04-18,0.0009627269999999999
2005-04-19,0.0009627269999999999
2005-04-20,0.0009627269999999999
2005-04-21,0.0009627269999999999
2005-04-22,0.0009627269999999999
2005-04-25,0.0009627269999999999
2005-04-26,0.0009627269999999999
2005-04-27,0.0009627269999999999
2005-04-28,0.0009627269999999999
2005-04-29,0.0009627269999999999
2005-05-02,0.0009627269999999999
2005-05-03,0.0009627269999999999
2005-05-04,0.0009627269999999999
2005-05-05,0.0009627269999999999
2005-05-06,0.0009627269999999999
2005-05-09,0.0009627269999999999
2005-05-10,0.0009627269999999999
2005-05-11,0.0009627269999999999
2005-05-12,0.0009627269999999999
2005-05-13,0.0009627269999999999
2005-05-16,0.0009627269999999999
2005-05-17,0.0009627269999999999
2005-05-18,0.0009627269999999999
2005-05-19,0.0009627269999999999
2005-05-20,0.0009627269999999999
2005-05-23,0.0009627269999999999
2005-05-24,0.0009627269999999999
2005-05-25,0.0009627269999999999
2005-05-26,0.0009627269999999999
2005-05-27,0.0009627269999999999
2005-05-30,0.0009627269999999999
2005-05-31,0.0009627269999999999
2005-06-01,0.0009627269999999999
2005-06-02,0.0009627269999999999
2005-06-03,0.0009627269999999999
2005-06-06,0.0009627269999999999
2005-06-07,0.0009627269999999999
2005-06-08,0.0009627269999999999
2005-06-09,0.0009627269999999999
2005-06-10,0.0009627269999999999
2005-06-13,0.0009627269999999999
2005-06-14,0.0009627269999999999
2005-06-15,0.0009627269999999999
2005-06-16,0.0009627269999999999
2005-06-17,0.0009627269999999999
2005-06-20,0.0009627269999999999
2005-06-21,0.0009627269999999999
2005-06-22,0.0009627269999999999
2005-06-23,0.0009627269999999999
2005-06-24,0.0009627269999999999
2005-06-27,0.0009627269999999999
2005-06-28,0.0009627269999999999
2005-06-29,0.0009627269999999999
2005-06-30,0.0009627269999999999
2005-07-01,0.0009627269999999999
2005-07-04,0.0009627269999999999
2005-07-05,0.0009627269999999999
2005-07-06,0.0009627269999999999
2005-07-07,0.000938539
2005-07-08,0.0009627269999999999
2005-07-11,0.000938539
2005-07-12,0.0009627269999999999
2005-07-13,0.0009627269999999999
2005-07-14,0.0009627269999999999
2005-07-15,0.0009627269999999999
2005-07-18,0.0009627269999999999
2005-07-19,0.0009627269999999999
2005-07-20,0.0009627269999999999
2005-07-21,0.0009627269999999999
2005-07-22,0.0009627269999999999
2005-07-25,0.0009627269999999999
2005-07-26,0.0009627269999999999
2005-07-27,0.0009627269999999999
2005-07-28,0.0009627269999999999
2005-07-29,0.0009627269999999999
2005-08-01,0.0009627269999999999
2005-08-02,0.0009627269999999999
2005-08-03,0.0009627269999999999
2005-08-04,0.0009627269999999999
2005-08-05,0.0009627269999999999
2005-08-08,0.0009627269999999999
2005-08-09,0.0009627269999999999
2005-08-10,0.0009627269999999999
2005-08-11,0.0009627269999999999
2005-08-12,0.0009627269999999999
2005-08-15,0.0009627269999999999
2005-08-16,0.0009627269999999999
2005-08-17,0.0009627269999999999
2005-08-18,0.0009627269999999999
2005-08-19,0.0009627269999999999
2005-08-22,0.0009627269999999999
2005-08-23,0.0009627269999999999
2005-08-24,0.0009627269999999999
2005-08-25,0.0009627269999999999
2005-08-26,0.0009627269999999999
2005-08-29,0.0009627269999999999
2005-08-30,0.0009627269999999999
2005-08-31,0.0009627269999999999
2005-09-01,0.0009627269999999999
2005-09-02,0.0009627269999999999
2005-09-05,0.0009627269999999999
2005-09-06,0.0009627269999999999
2005-09-07,0.0009627269999999999
2005-09-08,0.0009627269999999999
2005-09-09,0.0009627269999999999
2005-09-12,0.0009627269999999999
2005-09-13,0.0009627269999999999
2005-09-14,0.0009627269999999999
2005-09-15,0.0009627269999999999
2005-09-16,0.0009627269999999999
2005-09-19,0.0009627269999999999
2005-09-20,0.0009627269999999999
2005-09-21,0.0009627269999999999
2005-09-22,0.0009627269999999999
2005-09-23,0.0009627269999999999
2005-09-26,0.0009627269999999999
2005-09-27,0.0009627269999999999
2005-09-28,0.0009627269999999999
2005-09-29,0.0009627269999999999
2005-09-30,0.0009627269999999999
2005-10-03,0.0009627269999999999
2005-10-04,0.0009627269999999999
2005-10-05,0.0009627269999999999
2005-10-06,0.0009627269999999999
2005-10-07,0.0009627269999999999
2005-10-10,0.0009627269999999999
2005-10-11,0.0009627269999999999
2005-10-12,0.0009627269999999999
2005-10-13,0.0009627269999999999
2005-10-14,0.0009627269999999999
2005-10-17,0.0009627269999999999
2005-10-18,0.0009627269999999999
2005-10-19,0.0009627269999999999
2005-10-20,0.000938539
2005-10-21,0.000938539
2005-10-24,0.000938539
2005-10-25,0.000938539
2005-10-26,0.000938539
2005-10-27,0.0009627269999999999
2005-10-28,0.0009627269999999999
2005-10-31,0.0009627269999999999
2005-11-01,0.0009627269999999999
2005-11-02,0.0009627269999999999
2005-11-03,0.0009627269999999999
2005-11-04,0.0009627269999999999
2005-11-07,0.0009627269999999999
2005-11-08,0.0009627269999999999
2005-11-09,0.0009627269999999999
2005-11-10,0.0009627269999999999
2005-11-11,0.0009627269999999999
2005-11-14,0.0009627269999999999
2005-11-15,0.0009627269999999999
2005-11-16,0.0009627269999999999
2005-11-17,0.0009627269999999999
2005-11-18,0.0009627269999999999
2005-11-21,0.0009627269999999999
2005-11-22,0.0009627269999999999
2005-11-23,0.0009627269999999999
2005-11-24,0.0009627269999999999
2005-11-25,0.0009627269999999999
2005-11-28,0.0009627269999999999
2005-11-29,0.0009627269999999999
2005-11-30,0.0009627269999999999
2005-12-01,0.0009627269999999999
2005-12-02,0.0009627269999999999
2005-12-05,0.0009627269999999999
2005-12-06,0.0009627269999999999
2005-12-07,0.0009627269999999999
2005-12-08,0.0009627269999999999
2005-12-09,0.0009627269999999999
2005-12-12,0.0009627269999999999
2005-12-13,0.0009627269999999999
2005-12-14,0.0009627269999999999
2005-12-15,0.0009627269999999999
2005-12-16,0.0009627269999999999
2005-12-19,0.0009627269999999999
2005-12-20,0.0009627269999999999
2005-12-21,0.0009627269999999999
2005-12-22,0.0009627269999999999
2005-12-23,0.0009627269999999999
2005-12-26,0.0009627269999999999
2005-12-27,0.0009627269999999999
2005-12-28,0.0009627269999999999
2005-12-29,0.0009627269999999999
2005-12-30,0.0009627269999999999
2006-01-02,0.0009627269999999999
2006-01-03,0.0009627269999999999
2006-01-04,0.0009627269999999999
2006-01-05,0.0009627269999999999
2006-01-06,0.0009627269999999999
2006-01-09,0.0009627269999999999
2006-01-10,0.0009627269999999999
2006-01-11,0.0009627269999999999
2006-01-12,0.0009627269999999999
2006-01-13,0.0009627269999999999
2006-01-16,0.0009627269999999999
2006-01-17,0.0009627269999999999
2006-01-18,0.0009627269999999999
2006-01-19,0.0009627269999999999
2006-01-20,0.0009627269999999999
2006-01-23,0.0009627269999999999
2006-01-24,0.0009627269999999999
2006-01-25,0.0009627269999999999
2006-01-26,0.0009627269999999999
2006-01-27,0.0009627269999999999
2006-01-30,0.0009627269999999999
2006-01-31,0.0009627269999999999
2006-02-01,0.0009627269999999999
2006-02-02,0.0009627269999999999
2006-02-03,0.0009627269999999999
2006-02-06,0.0009627269999999999
2006-02-07,0.0009627269999999999
2006-02-08,0.0009627269999999999
2006-02-09,0.0009627269999999999
2006-02-10,0.0009627269999999999
2006-02-13,0.0009627269999999999
2006-02-14,0.0009627269999999999
2006-02-15,0.0009627269999999999
2006-02-16,0.0009627269999999999
2006-02-17,0.0009627269999999999
2006-02-20,0.0009627269999999999
2006-02-21,0.0009627269999999999
2006-02-22,0.0009627269999999999
2006-02-23,0.0009627269999999999
2006-02-24,0.0009627269999999999
2006-02-27,0.0009627269999999999
2006-02-28,0.0009627269999999999
2006-03-01,0.0009627269999999999
2006-03-02,0.0009627269999999999
2006-03-03,0.0009627269999999999
2006-03-06,0.0009627269999999999
2006-03-07,0.0009627269999999999
2006-03-08,0.0009627269999999999
2006-03-09,0.0009627269999999999
2006-03-10,0.0009627269999999999
2006-03-13,0.0009627269999999999
2006-03-14,0.0009627269999999999
2006-03-15,0.0009627269999999999
2006-03-16,0.0009627269999999999
2006-03-17,0.0009627269999999999
2006-03-20,0.0009627269999999999
2006-03-21,0.0009627269999999999
2006-03-22,0.0009627269999999999
2006-03-23,0.0009627269999999999
2006-03-24,0.0009627269999999999
2006-03-27,0.0009627269999999999
2006-03-28,0.0009627269999999999
2006-03-29,0.0009627269999999999
2006-03-30,0.0009627269999999999
2006-03-31,0.0009627269999999999
2006-04-03,0.0009627269999999999
2006-04-04,0.0009627269999999999
2006-04-05,0.0009627269999999999
2006-04-06,0.0009627269999999999
2006-04-07,0.0009627269999999999
2006-04-10,0.0009627269999999999
2006-04-11,0.0009627269999999999
2006-04-12,0.0009627269999999999
2006-04-13,0.0009627269999999999
2006-04-14,0.0009627269999999999
2006-04-17,0.0009627269999999999
2006-04-18,0.0009627269999999999
2006-04-19,0.00106043
2006-04-20,0.00106043
2006-04-21,0.00106043
2006-04-24,0.00106043
2006-04-25,0.00106043
2006-04-26,0.00106043
2006-04-27,0.00106043
2006-04-28,0.00106043
2006-05-01,0.00106043
2006-05-02,0.00106043
2006-05-03,0.00106043
2006-05-04,0.00106043
2006-05-05,0.00106043
2006-05-08,0.00106043
2006-05-09,0.00106043
2006-05-10,0.00106043
2006-05-11,0.00106043
2006-05-12,0.00106043
2006-05-15,0.00106043
2006-05-16,0.00106043
2006-05-17,0.00106043
2006-05-18,0.00106043
2006-05-19,0.00106043
2006-05-22,0.00106043
2006-05-23,0.00106043
2006-05-24,0.00106043
2006-05-25,0.00106043
2006-05-26,0.00103727
2006-05-29,0.00106043
2006-05-30,0.00106043
2006-05-31,0.00106043
2006-06-01,0.00106043
2006-06-02,0.00106043
2006-06-05,0.00106043
2006-06-06,0.00106043
2006-06-07,0.00106043
2006-06-08,0.00106043
2006-06-09,0.00103727
2006-06-12,0.00103727
2006-06-13,0.00103727
2006-06-14,0.00103727
2006-06-15,0.00103727
2006-06-16,0.00103727
2006-06-19,0.00103727
2006-06-20,0.00103727
2006-06-21,0.00103727
2006-06-22,0.00103727
2006-06-23,0.00103727
2006-06-26,0.00103727
2006-06-27,0.00103727
2006-06-28,0.00103727
2006-06-29,0.00103727
2006-06-30,0.00103727
2006-07-03,0.00106043
2006-07-04,0.00106043
2006-07-05,0.00106043
2006-07-06,0.00106043
2006-07-07,0.00106043
2006-07-10,0.00106043
2006-07-11,0.00106043
2006-07-12,0.00106043
2006-07-13,0.00106043
2006-07-14,0.00106043
2006-07-17,0.00103727
2006-07-18,0.00103727
2006-07-19,0.00103727
2006-07-20,0.00103727
2006-07-21,0.00106043
2006-07-24,0.00106043
2006-07-25,0.00106043
2006-07-26,0.00103727
2006-07-27,0.00106043
2006-07-28,0.00106043
2006-07-31,0.00106043
2006-08-01,0.00103727
2006-08-02,0.00103727
2006-08-03,0.00103727
2006-08-04,0.00103727
2006-08-07,0.00103727
2006-08-08,0.00103727
2006-08-09,0.00103727
2006-08-10,0.00103727
2006-08-11,0.00103727
2006-08-14,0.00103727
2006-08-15,0.00103727
2006-08-16,0.00103727
2006-08-17,0.00103727
2006-08-18,0.00103727
2006-08-21,0.00103727
2006-08-22,0.00103727
2006-08-23,0.00103727
2006-08-24,0.00103727
2006-08-25,0.00103727
2006-08-28,0.00103727
2006-08-29,0.00103727
2006-08-30,0.00103727
2006-08-31,0.00103727
2006-09-01,0.00103727
2006-09-04,0.00103727
2006-09-05,0.00103727
2006-09-06,0.00103727
2006-09-07,0.00103727
2006-09-08,0.00103727
2006-09-11,0.00103727
2006-09-12,0.00103727
2006-09-13,0.00103727
2006-09-14,0.00103727
2006-09-15,0.00103727
2006-09-18,0.00103727
2006-09-19,0.00103727
2006-09-20,0.00103727
2006-09-21,0.00106043
2006-09-22,0.00106043
2006-09-25,0.00106043
2006-09-26,0.00106043
2006-09-27,0.00106043
2006-09-28,0.00106043
2006-09-29,0.00106043
2006-10-02,0.00106043
2006-10-03,0.00106043
2006-10-04,0.00106043
2006-10-05,0.00106043
2006-10-06,0.00106043
2006-10-09,0.00106043
2006-10-10,0.00103727
2006-10-11,0.00103727
2006-10-12,0.00103727
2006-10-13,0.00103727
2006-10-16,0.00103727
2006-10-17,0.00103727
2006-10-18,0.00103727
2006-10-19,0.00103727
2006-10-20,0.00103727
2006-10-23,0.00103727
2006-10-24,0.00103727
2006-10-25,0.00103727
2006-10-26,0.00103727
2006-10-27,0.00106043
2006-10-30,0.00106043
2006-10-31,0.00106043
2006-11-01,0.00106043
2006-11-02,0.00106043
2006-11-03,0.00106043
2006-11-06,0.00106043
2006-11-07,0.00106043
2006-11-08,0.00106043
2006-11-09,0.00106043
2006-11-10,0.00106043
2006-11-13,0.00106043
2006-11-14,0.00106043
2006-11-15,0.00106043
2006-11-16,0.00106043
2006-11-17,0.00106043
2006-11-20,0.00106043
2006-11-21,0.00106043
2006-11-22,0.00106043
2006-11-23,0.00106043
2006-11-24,0.00106043
2006-11-27,0.00106043
2006-11-28,0.00106043
2006-11-29,0.00106043
2006-11-30,0.00106043
2006-12-01,0.00106043
2006-12-04,0.00106043
2006-12-05,0.00106043
2006-12-06,0.00106043
2006-12-07,0.00106043
2006-12-08,0.00106043
2006-12-11,0.00106043
2006-12-12,0.00106043
2006-12-13,0.00106043
2006-12-14,0.00106043
2006-12-15,0.00106043
2006-12-18,0.00106043
2006-12-19,0.00106043
2006-12-20,0.00106043
2006-12-21,0.00106043
2006-12-22,0.00106043
2006-12-25,0.00106043
2006-12-26,0.00106043
2006-12-27,0.00106043
2006-12-28,0.00106043
2006-12-29,0.00106043
2007-01-01,0.00106043
2007-01-02,0.00106043
2007-01-03,0.00106043
2007-01-04,0.00106043
2007-01-05,0.00106043
2007-01-08,0.00106043
2007-01-09,0.00106043
2007-01-10,0.00106043
2007-01-11,0.00106043
2007-01-12,0.00106043
2007-01-15,0.00106043
2007-01-16,0.00106043
2007-01-17,0.00106043
2007-01-18,0.00106043
2007-01-19,0.00106043
2007-01-22,0.00106043
2007-01-23,0.00106043
2007-01-24,0.00106043
2007-01-25,0.00106043
2007-01-26,0.00106043
2007-01-29,0.00106043
2007-01-30,0.00106043
2007-01-31,0.00106043
2007-02-01,0.00106043
2007-02-02,0.00106043
2007-02-05,0.00106043
2007-02-06,0.00106043
2007-02-07,0.00106043
2007-02-08,0.00106043
2007-02-09,0.00106043
2007-02-12,0.00106043
2007-02-13,0.00106043
2007-02-14,0.00106043
2007-02-15,0.00106043
2007-02-16,0.00106043
2007-02-19,0.00106043
2007-02-20,0.00106043
2007-02-21,0.00106043
2007-02-22,0.00106043
2007-02-23,0.00106043
2007-02-26,0.00106043
2007-02-27,0.00106043
2007-02-28,0.00106043
2007-03-01,0.00106043
2007-03-02,0.00106043
2007-03-05,0.00106043
2007-03-06,0.00106043
2007-03-07,0.00106043
2007-03-08,0.00106043
2007-03-09,0.00106043
2007-03-12,0.00106043
2007-03-13,0.00106043
2007-03-14,0.00106043
2007-03-15,0.00106043
2007-03-16,0.00106043
2007-03-19,0.00106043
2007-03-20,0.00106043
2007-03-21,0.00106043
2007-03-22,0.00106043
2007-03-23,0.00106043
2007-03-26,0.00106043
2007-03-27,0.00106043
2007-03-28,0.00106043
2007-03-29,0.00106043
2007-03-30,0.00106043
2007-04-02,0.00106043
2007-04-03,0.00106043
2007-04-04,0.00106043
2007-04-05,0.00106043
2007-04-06,0.00106043
2007-04-09,0.00106043
2007-04-10,0.00106043
2007-04-11,0.00106043
2007-04-12,0.00106043
2007-04-13,0.00106043
2007-04-16,0.00106043
2007-04-17,0.00106043
2007-04-18,0.00106043
2007-04-19,0.00106043
2007-04-20,0.00106043
2007-04-23,0.00106043
2007-04-24,0.00106043
2007-04-25,0.00106043
2007-04-26,0.00106043
2007-04-27,0.00106043
2007-04-30,0.00106043
2007-05-01,0.00106043
2007-05-02,0.00106043
2007-05-03,0.00106043
2007-05-04,0.00106043
2007-05-07,0.00106043
2007-05-08,0.00106043
2007-05-09,0.00106043
2007-05-10,0.00106043
2007-05-11,0.00106043
2007-05-14,0.00106043
2007-05-15,0.00106043
2007-05-16,0.00106043
2007-05-17,0.00106043
2007-05-18,0.00106043
2007-05-21,0.00106043
2007-05-22,0.00106043
2007-05-23,0.00106043
2007-05-24,0.00106043
2007-05-25,0.00106043
2007-05-28,0.00106043
2007-05-29,0.00106043
2007-05-30,0.00106043
2007-05-31,0.00106043
2007-06-01,0.00106043
2007-06-04,0.00106043
2007-06-05,0.00106043
2007-06-06,0.00106043
2007-06-07,0.00106043
2007-06-08,0.00106043
2007-06-11,0.00106043
2007-06-12,0.00106043
2007-06-13,0.00106043
2007-06-14,0.00106043
2007-06-15,0.00106043
2007-06-18,0.00106043
2007-06-19,0.00106043
2007-06-20,0.00106043
2007-06-21,0.00106043
2007-06-22,0.00106043
2007-06-25,0.00106043
2007-06-26,0.00106043
2007-06-27,0.00106043
2007-06-28,0.00106043
2007-06-29,0.00106043
2007-07-02,0.00106043
2007-07-03,0.00106043
2007-07-04,0.00106043
2007-07-05,0.00106043
2007-07-06,0.00106043
2007-07-09,0.00106043
2007-07-10,0.00106043
2007-07-11,0.00106043
2007-07-12,0.00106043
2007-07-13,0.00106043
2007-07-16,0.00106043
2007-07-17,0.00106043
2007-07-18,0.00106043
2007-07-19,0.00106043
2007-07-20,0.00106043
2007-07-23,0.00106043
2007-07-24,0.00106043
2007-07-25,0.00106043
2007-07-26,0.00106043
2007-07-27,0.00106043
2007-07-30,0.00106043
2007-07-31,0.00106043
2007-08-01,0.00106043
2007-08-02,0.00106043
2007-08-03,0.00106043
2007-08-06,0.00106043
2007-08-07,0.00106043
2007-08-08,0.00106043
2007-08-09,0.00106043
2007-08-10,0.00106043
2007-08-13,0.00106043
2007-08-14,0.00106043
2007-08-15,0.00106043
2007-08-16,0.00106043
2007-08-17,0.00106043
2007-08-20,0.00106043
2007-08-21,0.00106043
2007-08-22,0.00106043
2007-08-23,0.00106043
2007-08-24,0.00106043
2007-08-27,0.00106043
2007-08-28,0.00106043
2007-08-29,0.00106043
2007-08-30,0.00106043
2007-08-31,0.00106043
2007-09-03,0.00106043
2007-09-04,0.00106043
2007-09-05,0.00106043
2007-09-06,0.00106043
2007-09-07,0.00106043
2007-09-10,0.00106043
2007-09-11,0.00106043
2007-09-12,0.00106043
2007-09-13,0.00106043
2007-09-14,0.00106043
2007-09-17,0.00106043
2007-09-18,0.00106043
2007-09-19,0.00106043
2007-09-20,0.00106043
2007-09-21,0.00106043
2007-09-24,0.00106043
2007-09-25,0.00106043
2007-09-26,0.00106043
2007-09-27,0.00106043
2007-09-28,0.00106043
2007-10-01,0.00106043
2007-10-02,0.00106043
2007-10-03,0.00106043
2007-10-04,0.00106043
2007-10-05,0.00106043
2007-10-08,0.00106043
2007-10-09,0.00106043
2007-10-10,0.00106043
2007-10-11,0.00106043
2007-10-12,0.00106043
2007-10-15,0.00106043
2007-10-16,0.00106043
2007-10-17,0.00106043
2007-10-18,0.00106043
2007-10-19,0.00106043
2007-10-22,0.00106043
2007-10-23,0.00106043
2007-10-24,0.00106043
2007-10-25,0.00106043
2007-10-26,0.00106043
2007-10-29,0.00106043
2007-10-30,0.00106043
2007-10-31,0.00106043
2007-11-01,0.00106043
2007-11-02,0.00106043
2007-11-05,0.00106043
2007-11-06,0.00106043
2007-11-07,0.00106043
2007-11-08,0.00106043
2007-11-09,0.00106043
2007-11-12,0.00106043
2007-11-13,0.00106043
2007-11-14,0.00106043
2007-11-15,0.00106043
2007-11-16,0.00106043
2007-11-19,0.00106043
2007-11-20,0.00106043
2007-11-21,0.00106043
2007-11-22,0.00106043
2007-11-23,0.00106043
2007-11-26,0.00106043
2007-11-27,0.00106043
2007-11-28,0.00106043
2007-11-29,0.00106043
2007-11-30,0.00106043
2007-12-03,0.00106043
2007-12-04,0.00106043
2007-12-05,0.00106043
2007-12-06,0.00106043
2007-12-07,0.00106043
2007-12-10,0.00106043
2007-12-11,0.00106043
2007-12-12,0.00106043
2007-12-13,0.00106043
2007-12-14,0.00106043
2007-12-17,0.00106043
2007-12-18,0.00106043
2007-12-19,0.00106043
2007-12-20,0.00106043
2007-12-21,0.00106043
2007-12-24,0.00106043
2007-12-25,0.00106043
2007-12-26,0.00106043
2007-12-27,0.00106043
2007-12-28,0.00106043
2007-12-31,0.00106043
2008-01-01,0.00106043
2008-01-02,0.00106043
2008-01-03,0.00106043
2008-01-04,0.00106043
2008-01-07,0.00106043
2008-01-08,0.00106043
2008-01-09,0.00106043
2008-01-10,0.00106043
2008-01-11,0.00106043
2008-01-14,0.00106043
2008-01-15,0.00106043
2008-01-16,0.00106043
2008-01-17,0.00106043
2008-01-18,0.00106043
2008-01-21,0.00106043
2008-01-22,0.00106043
2008-01-23,0.00103727
2008-01-24,0.00106043
2008-01-25,0.00106043
2008-01-28,0.00106043
2008-01-29,0.00106043
2008-01-30,0.00106043
2008-01-31,0.00106043
2008-02-01,0.00106043
2008-02-04,0.00106043
2008-02-05,0.00106043
2008-02-06,0.00106043
2008-02-07,0.00106043
2008-02-08,0.00106043
2008-02-11,0.00106043
2008-02-12,0.00106043
2008-02-13,0.00106043
2008-02-14,0.00106043
2008-02-15,0.00106043
2008-02-18,0.00106043
2008-02-19,0.00106043
2008-02-20,0.00106043
2008-02-21,0.00106043
2008-02-22,0.00106043
2008-02-25,0.00106043
2008-02-26,0.00106043
2008-02-27,0.00106043
2008-02-28,0.00106043
2008-02-29,0.00106043
2008-03-03,0.00106043
2008-03-04,0.00106043
2008-03-05,0.00106043
2008-03-06,0.00106043
2008-03-07,0.00106043
2008-03-10,0.00103727
2008-03-11,0.00103727
2008-03-12,0.00103727
2008-03-13,0.00103727
2008-03-14,0.00103727
2008-03-17,0.00103727
2008-03-18,0.00103727
2008-03-19,0.00103727
2008-03-20,0.00103727
2008-03-21,0.00103727
2008-03-24,0.00103727
2008-03-25,0.00103727
2008-03-26,0.00103727
2008-03-27,0.00103727
2008-03-28,0.00103727
2008-03-31,0.00103727
2008-04-01,0.00103727
2008-04-02,0.00103727
2008-04-03,0.00103727
2008-04-04,0.00103727
2008-04-07,0.00103727
2008-04-08,0.00103727
2008-04-09,0.00103727
2008-04-10,0.00103727
2008-04-11,0.00103727
2008-04-14,0.00103727
2008-04-15,0.00103727
2008-04-16,0.00103727
2008-04-17,0.00103727
2008-04-18,0.00103727
2008-04-21,0.00103727
2008-04-22,0.00103727
2008-04-23,0.00103727
2008-04-24,0.00103727
2008-04-25,0.00103727
2008-04-28,0.00103727
2008-04-29,0.00103727
2008-04-30,0.00103727
2008-05-01,0.00103727
2008-05-02,0.00103727
2008-05-05,0.00103727
2008-05-06,0.00103727
2008-05-07,0.00103727
2008-05-08,0.00103727
2008-05-09,0.00103727
2008-05-12,0.00103727
2008-05-13,0.00103727
2008-05-14,0.00103727
2008-05-15,0.00103727
2008-05-16,0.00103727
2008-05-19,0.00103727
2008-05-20,0.00103727
2008-05-21,0.00103727
2008-05-22,0.00103727
2008-05-23,0.00103727
2008-05-26,0.00103727
2008-05-27,0.00103727
2008-05-28,0.00103727
2008-05-29,0.00103727
2008-05-30,0.00103727
2008-06-02,0.00103727
2008-06-03,0.00103727
2008-06-04,0.00103727
2008-06-05,0.00103727
2008-06-06,0.00103727
2008-06-09,0.00103727
2008-06-10,0.00103727
2008-06-11,0.00103727
2008-06-12,0.00103727
2008-06-13,0.00103727
2008-06-16,0.00103727
2008-06-17,0.00103727
2008-06-18,0.00103727
2008-06-19,0.00103727
2008-06-20,0.00103727
2008-06-23,0.00103727
2008-06-24,0.00103727
2008-06-25,0.00103727
2008-06-26,0.00103727
2008-06-27,0.00103727
2008-06-30,0.00103727
2008-07-01,0.00103727
2008-07-02,0.00103727
2008-07-03,0.00103727
2008-07-04,0.00103727
2008-07-07,0.00103727
2008-07-08,0.00103727
2008-07-09,0.00103727
2008-07-10,0.00103727
2008-07-11,0.00103727
2008-07-14,0.00103727
2008-07-15,0.00103727
2008-07-16,0.00103727
2008-07-17,0.00103727
2008-07-18,0.00103727
2008-07-21,0.00103727
2008-07-22,0.00103727
2008-07-23,0.00103727
2008-07-24,0.00103727
2008-07-25,0.00103727
2008-07-28,0.00103727
2008-07-29,0.00103727
2008-07-30,0.00103727
2008-07-31,0.00103727
2008-08-01,0.00103727
2008-08-04,0.00103727
2008-08-05,0.00103727
2008-08-06,0.00103727
2008-08-07,0.00103727
2008-08-08,0.00103727
2008-08-11,0.00103727
2008-08-12,0.00103727
2008-08-13,0.00103727
2008-08-14,0.00103727
2008-08-15,0.00103727
2008-08-18,0.00103727
2008-08-19,0.00103727
2008-08-20,0.00103727
2008-08-21,0.00103727
2008-08-22,0.000938539
2008-08-25,0.000938539
2008-08-26,0.000938539
2008-08-27,0.000938539
2008-08-28,0.000938539
2008-08-29,0.000938539
2008-09-01,0.000938539
2008-09-02,0.000938539
2008-09-03,0.000938539
2008-09-04,0.000938539
2008-09-05,0.000938539
2008-09-08,0.000938539
2008-09-09,0.000938539
2008-09-10,0.000938539
2008-09-11,0.000938539
2008-09-12,0.000938539
2008-09-15,0.000938539
2008-09-16,0.000938539
2008-09-17,0.000938539
2008-09-18,0.000938539
2008-09-19,0.000938539
2008-09-22,0.000938539
2008-09-23,0.000938539
2008-09-24,0.000938539
2008-09-25,0.000938539
2008-09-26,0.000938539
2008-09-29,0.000938539
2008-09-30,0.000835712
2008-10-01,0.000835712
2008-10-02,0.000835712
2008-10-03,0.000835712
2008-10-06,0.000835712
2008-10-07,0.000835712
2008-10-08,0.000835712
2008-10-09,0.000739724
2008-10-10,0.000739724
2008-10-13,0.000764288
2008-10-14,0.000764288
2008-10-15,0.000764288
2008-10-16,0.000764288
2008-10-17,0.000739724
2008-10-20,0.000739724
2008-10-21,0.000764288
2008-10-22,0.000764288
2008-10-23,0.000739724
2008-10-24,0.000739724
2008-10-27,0.000739724
2008-10-28,0.000739724
2008-10-29,0.000739724
2008-10-30,0.000739724
2008-10-31,0.000764288
2008-11-03,0.000764288
2008-11-04,0.000764288
2008-11-05,0.000764288
2008-11-06,0.000764288
2008-11-07,0.000764288
2008-11-10,0.000764288
2008-11-11,0.000764288
2008-11-12,0.000739724
2008-11-13,0.000739724
2008-11-14,0.000739724
2008-11-17,0.000739724
2008-11-18,0.000739724
2008-11-19,0.000739724
2008-11-20,0.000739724
2008-11-21,0.000739724
2008-11-24,0.000739724
2008-11-25,0.000739724
2008-11-26,0.000739724
2008-11-27,0.000739724
2008-11-28,0.000739724
2008-12-01,0.000739724
2008-12-02,0.000739724
2008-12-03,0.000739724
2008-12-04,0.000739724
2008-12-05,0.000739724
2008-12-08,0.000739724
2008-12-09,0.000739724
2008-12-10,0.000739724
2008-12-11,0.000739724
2008-12-12,0.000739724
2008-12-15,0.000739724
2008-12-16,0.000739724
2008-12-17,0.000739724
2008-12-18,0.000764288
2008-12-19,0.000764288
2008-12-22,0.000764288
2008-12-23,0.000764288
2008-12-24,0.000739724
2008-12-25,0.000739724
2008-12-26,0.000764288
2008-12-29,0.000764288
2008-12-30,0.000764288
2008-12-31,0.000764288
2009-01-01,0.000764288
2009-01-02,0.000764288
2009-01-05,0.000764288
2009-01-06,0.000764288
2009-01-07,0.000764288
2009-01-08,0.000764288
2009-01-09,0.000764288
2009-01-12,0.000739724
2009-01-13,0.000739724
2009-01-14,0.000739724
2009-01-15,0.000739724
2009-01-16,0.000739724
2009-01-19,0.000739724
2009-01-20,0.000739724
2009-01-21,0.000739724
2009-01-22,0.000739724
2009-01-23,0.000739724
2009-01-26,0.000739724
2009-01-27,0.000739724
2009-01-28,0.000739724
2009-01-29,0.000739724
2009-01-30,0.000739724
2009-02-02,0.000739724
2009-02-03,0.000739724
2009-02-04,0.000739724
2009-02-05,0.000739724
2009-02-06,0.000739724
2009-02-09,0.000739724
2009-02-10,0.000739724
2009-02-11,0.000739724
2009-02-12,0.000739724
2009-02-13,0.000739724
2009-02-16,0.000739724
2009-02-17,0.000739724
2009-02-18,0.000739724
2009-02-19,0.000739724
2009-02-20,0.000739724
2009-02-23,0.000739724
2009-02-24,0.000739724
2009-02-25,0.000739724
2009-02-26,0.000739724
2009-02-27,0.000739724
2009-03-02,0.000739724
2009-03-03,0.000636343
2009-03-04,0.000636343
2009-03-05,0.000636343
2009-03-06,0.000636343
2009-03-09,0.000636343
2009-03-10,0.000636343
2009-03-11,0.000660276
2009-03-12,0.000660276
2009-03-13,0.000660276
2009-03-16,0.000660276
2009-03-17,0.000660276
2009-03-18,0.000660276
2009-03-19,0.000660276
2009-03-20,0.000660276
2009-03-23,0.000660276
2009-03-24,0.000660276
2009-03-25,0.000660276
2009-03-26,0.000660276
2009-03-27,0.000660276
2009-03-30,0.000660276
2009-03-31,0.000660276
2009-04-01,0.000660276
2009-04-02,0.000660276
2009-04-03,0.000764288
2009-04-06,0.000764288
2009-04-07,0.000764288
2009-04-08,0.000764288
2009-04-09,0.000739724
2009-04-10,0.000764288
2009-04-13,0.000764288
2009-04-14,0.000764288
2009-04-15,0.000764288
2009-04-16,0.000739724
2009-04-17,0.000764288
2009-04-20,0.000739724
2009-04-21,0.000764288
2009-04-22,0.000739724
2009-04-23,0.000739724
2009-04-24,0.000739724
2009-04-27,0.000739724
2009-04-28,0.000739724
2009-04-29,0.000739724
2009-04-30,0.000739724
2009-05-01,0.000764288
2009-05-04,0.000764288
2009-05-05,0.000764288
2009-05-06,0.000764288
2009-05-07,0.000764288
2009-05-08,0.000764288
2009-05-11,0.000764288
2009-05-12,0.000764288
2009-05-13,0.000764288
2009-05-14,0.000764288
2009-05-15,0.000764288
2009-05-18,0.000764288
2009-05-19,0.000764288
2009-05-20,0.000764288
2009-05-21,0.000764288
2009-05-22,0.000764288
2009-05-25,0.000764288
2009-05-26,0.000764288
2009-05-27,0.000764288
2009-05-28,0.000764288
2009-05-29,0.000764288
2009-06-01,0.000764288
2009-06-02,0.000764288
2009-06-03,0.000764288
2009-06-04,0.000764288
2009-06-05,0.000764288
2009-06-08,0.000764288
2009-06-09,0.000764288
2009-06-10,0.000764288
2009-06-11,0.000764288
2009-06-12,0.000764288
2009-06-15,0.000764288
2009-06-16,0.000764288
2009-06-17,0.000764288
2009-06-18,0.000764288
2009-06-19,0.000764288
2009-06-22,0.000764288
2009-06-23,0.000764288
2009-06-24,0.000764288
2009-06-25,0.000764288
2009-06-26,0.000764288
2009-06-29,0.000764288
2009-06-30,0.000764288
2009-07-01,0.000764288
2009-07-02,0.000764288
2009-07-03,0.000764288
2009-07-06,0.000764288
2009-07-07,0.000764288
2009-07-08,0.000764288
2009-07-09,0.000764288
2009-07-10,0.000764288
2009-07-13,0.000764288
2009-07-14,0.000764288
2009-07-15,0.000764288
2009-07-16,0.000764288
2009-07-17,0.000764288
2009-07-20,0.000764288
2009-07-21,0.000764288
2009-07-22,0.000764288
2009-07-23,0.000764288
2009-07-24,0.000764288
2009-07-27,0.000764288
2009-07-28,0.000764288
2009-07-29,0.000764288
2009-07-30,0.000764288
2009-07-31,0.000764288
2009-08-03,0.000764288
2009-08-04,0.000764288
2009-08-05,0.000764288
2009-08-06,0.000764288
2009-08-07,0.000764288
2009-08-10,0.000764288
2009-08-11,0.000764288
2009-08-12,0.000764288
2009-08-13,0.000764288
2009-08-14,0.000764288
2009-08-17,0.000764288
2009-08-18,0.000764288
2009-08-19,0.000764288
2009-08-20,0.000764288
2009-08-21,0.000764288
2009-08-24,0.000764288
2009-08-25,0.000764288
2009-08-26,0.000764288
2009-08-27,0.000764288
2009-08-28,0.000764288
2009-08-31,0.000764288
2009-09-01,0.000764288
2009-09-02,0.000764288
2009-09-03,0.000764288
2009-09-04,0.000764288
2009-09-07,0.000764288
2009-09-08,0.000764288
2009-09-09,0.000764288
2009-09-10,0.000764288
2009-09-11,0.000764288
2009-09-14,0.000764288
2009-09-15,0.000764288
2009-09-16,0.000764288
2009-09-17,0.000764288
2009-09-18,0.000764288
2009-09-21,0.000764288
2009-09-22,0.000764288
2009-09-23,0.000764288
2009-09-24,0.000764288
2009-09-25,0.000764288
2009-09-28,0.000764288
2009-09-29,0.000764288
2009-09-30,0.000764288
2009-10-01,0.000764288
2009-10-02,0.000764288
2009-10-05,0.000764288
2009-10-06,0.0008614610000000001
2009-10-07,0.0008614610000000001
2009-10-08,0.0008614610000000001
2009-10-09,0.0008614610000000001
2009-10-12,0.0008614610000000001
2009-10-13,0.0008614610000000001
2009-10-14,0.0008614610000000001
2009-10-15,0.0008614610000000001
2009-10-16,0.0008614610000000001
2009-10-19,0.0008614610000000001
2009-10-20,0.0008614610000000001
2009-10-21,0.0008614610000000001
2009-10-22,0.000835712
2009-10-23,0.000835712
2009-10-26,0.000835712
2009-10-27,0.000835712
2009-10-28,0.000835712
2009-10-29,0.000835712
2009-10-30,0.000835712
2009-11-02,0.000835712
2009-11-03,0.000835712
2009-11-04,0.000835712
2009-11-05,0.000835712
2009-11-06,0.000835712
2009-11-09,0.0008614610000000001
2009-11-10,0.0008614610000000001
2009-11-11,0.0008614610000000001
2009-11-12,0.0008614610000000001
2009-11-13,0.0008614610000000001
2009-11-16,0.0008614610000000001
2009-11-17,0.0008614610000000001
2009-11-18,0.0008614610000000001
2009-11-19,0.0008614610000000001
2009-11-20,0.0008614610000000001
2009-11-23,0.0008614610000000001
2009-11-24,0.0008614610000000001
2009-11-25,0.0008614610000000001
2009-11-26,0.0008614610000000001
2009-11-27,0.0008614610000000001
2009-11-30,0.0008614610000000001
2009-12-01,0.0008614610000000001
2009-12-02,0.0008614610000000001
2009-12-03,0.0008614610000000001
2009-12-04,0.0008614610000000001
2009-12-07,0.0008614610000000001
2009-12-08,0.0008614610000000001
2009-12-09,0.0008614610000000001
2009-12-10,0.0008614610000000001
2009-12-11,0.0008614610000000001
2009-12-14,0.0008614610000000001
2009-12-15,0.0008614610000000001
2009-12-16,0.0008614610000000001
2009-12-17,0.0008614610000000001
2009-12-18,0.0008614610000000001
2009-12-21,0.0008614610000000001
2009-12-22,0.000835712
2009-12-23,0.000835712
2009-12-24,0.000835712
2009-12-25,0.000835712
2009-12-28,0.0008614610000000001
2009-12-29,0.0008614610000000001
2009-12-30,0.0008614610000000001
2009-12-31,0.0008614610000000001
2010-01-01,0.0008614610000000001
2010-01-04,0.0008614610000000001
2010-01-05,0.0008614610000000001
2010-01-06,0.0008614610000000001
2010-01-07,0.0008614610000000001
2010-01-08,0.0008614610000000001
2010-01-11,0.0008614610000000001
2010-01-12,0.0008614610000000001
2010-01-13,0.0008614610000000001
2010-01-14,0.0008614610000000001
2010-01-15,0.0008614610000000001
2010-01-18,0.0008614610000000001
2010-01-19,0.0008614610000000001
2010-01-20,0.0008614610000000001
2010-01-21,0.0008614610000000001
2010-01-22,0.0008614610000000001
2010-01-25,0.0008614610000000001
2010-01-26,0.0008614610000000001
2010-01-27,0.0008614610000000001
2010-01-28,0.0008614610000000001
2010-01-29,0.0008614610000000001
2010-02-01,0.0008614610000000001
2010-02-02,0.0008614610000000001
2010-02-03,0.0008614610000000001
2010-02-04,0.0008614610000000001
2010-02-05,0.0008614610000000001
2010-02-08,0.0008614610000000001
2010-02-09,0.0008614610000000001
2010-02-10,0.0008614610000000001
2010-02-11,0.0008614610000000001
2010-02-12,0.0008614610000000001
2010-02-15,0.0008614610000000001
2010-02-16,0.0008614610000000001
2010-02-17,0.0008614610000000001
2010-02-18,0.0008614610000000001
2010-02-19,0.0008614610000000001
2010-02-22,0.0008614610000000001
2010-02-23,0.0008614610000000001
2010-02-24,0.0008614610000000001
2010-02-25,0.0008614610000000001
2010-02-26,0.0008614610000000001
2010-03-01,0.0008614610000000001
2010-03-02,0.0008614610000000001
2010-03-03,0.0008614610000000001
2010-03-04,0.0008614610000000001
2010-03-05,0.0008614610000000001
2010-03-08,0.0008614610000000001
2010-03-09,0.0008614610000000001
2010-03-10,0.0008614610000000001
2010-03-11,0.0008614610000000001
2010-03-12,0.0008614610000000001
2010-03-15,0.0008614610000000001
2010-03-16,0.0008614610000000001
2010-03-17,0.0008614610000000001
2010-03-18,0.0008614610000000001
2010-03-19,0.0008614610000000001
2010-03-22,0.0008614610000000001
2010-03-23,0.0008614610000000001
2010-03-24,0.0008614610000000001
2010-03-25,0.0008614610000000001
2010-03-26,0.0008614610000000001
2010-03-29,0.0008614610000000001
2010-03-30,0.0008614610000000001
2010-03-31,0.0008614610000000001
2010-04-01,0.0008614610000000001
2010-04-02,0.0008614610000000001
2010-04-05,0.0008614610000000001
2010-04-06,0.0008614610000000001
2010-04-07,0.0008614610000000001
2010-04-08,0.0008614610000000001
2010-04-09,0.0008614610000000001
2010-04-12,0.0008614610000000001
2010-04-13,0.0008614610000000001
2010-04-14,0.0008614610000000001
2010-04-15,0.0008614610000000001
2010-04-16,0.0008614610000000001
2010-04-19,0.0008614610000000001
2010-04-20,0.0008614610000000001
2010-04-21,0.0008614610000000001
2010-04-22,0.0008614610000000001
2010-04-23,0.0008614610000000001
2010-04-26,0.0008614610000000001
2010-04-27,0.0008614610000000001
2010-04-28,0.0008614610000000001
2010-04-29,0.0008614610000000001
2010-04-30,0.0008614610000000001
2010-05-03,0.0008614610000000001
2010-05-04,0.0008614610000000001
2010-05-05,0.0008614610000000001
2010-05-06,0.0008614610000000001
2010-05-07,0.0008614610000000001
2010-05-10,0.0008614610000000001
2010-05-11,0.0008614610000000001
2010-05-12,0.0008614610000000001
2010-05-13,0.0008614610000000001
2010-05-14,0.0008614610000000001
2010-05-17,0.0008614610000000001
2010-05-18,0.0008614610000000001
2010-05-19,0.0008614610000000001
2010-05-20,0.0008614610000000001
2010-05-21,0.000835712
2010-05-24,0.000835712
2010-05-25,0.000835712
2010-05-26,0.000835712
2010-05-27,0.000835712
2010-05-28,0.000835712
2010-05-31,0.000835712
2010-06-01,0.000835712
2010-06-02,0.000835712
2010-06-03,0.000835712
2010-06-04,0.000835712
2010-06-07,0.000835712
2010-06-08,0.000835712
2010-06-09,0.000835712
2010-06-10,0.000835712
2010-06-11,0.000835712
2010-06-14,0.000835712
2010-06-15,0.000835712
2010-06-16,0.000835712
2010-06-17,0.000835712
2010-06-18,0.000835712
2010-06-21,0.000835712
2010-06-22,0.000835712
2010-06-23,0.000835712
2010-06-24,0.000835712
2010-06-25,0.000835712
2010-06-28,0.000835712
2010-06-29,0.000835712
2010-06-30,0.000835712
2010-07-01,0.000835712
2010-07-02,0.000835712
2010-07-05,0.000835712
2010-07-06,0.000835712
2010-07-07,0.000835712
2010-07-08,0.000835712
2010-07-09,0.000835712
2010-07-12,0.000835712
2010-07-13,0.000835712
2010-07-14,0.000835712
2010-07-15,0.000835712
2010-07-16,0.000835712
2010-07-19,0.000835712
2010-07-20,0.000835712
2010-07-21,0.000835712
2010-07-22,0.000835712
2010-07-23,0.000835712
2010-07-26,0.000835712
2010-07-27,0.000835712
2010-07-28,0.000835712
2010-07-29,0.000835712
2010-07-30,0.000835712
2010-08-02,0.000835712
2010-08-03,0.0008614610000000001
2010-08-04,0.0008614610000000001
2010-08-05,0.0008614610000000001
2010-08-06,0.0008614610000000001
2010-08-09,0.0008614610000000001
2010-08-10,0.0008614610000000001
2010-08-11,0.0008614610000000001
2010-08-12,0.000835712
2010-08-13,0.000835712
2010-08-16,0.000835712
2010-08-17,0.000835712
2010-08-18,0.000835712
2010-08-19,0.0008614610000000001
2010-08-20,0.0008614610000000001
2010-08-23,0.000835712
2010-08-24,0.000835712
2010-08-25,0.000835712
2010-08-26,0.000835712
2010-08-27,0.000835712
2010-08-30,0.000835712
2010-08-31,0.000835712
2010-09-01,0.000835712
2010-09-02,0.000835712
2010-09-03,0.000835712
2010-09-06,0.0008614610000000001
2010-09-07,0.0008614610000000001
2010-09-08,0.000835712
2010-09-09,0.0008614610000000001
2010-09-10,0.0008614610000000001
2010-09-13,0.0008614610000000001
2010-09-14,0.0008614610000000001
2010-09-15,0.0008614610000000001
2010-09-16,0.0008614610000000001
2010-09-17,0.0008614610000000001
2010-09-20,0.0008614610000000001
2010-09-21,0.0008614610000000001
2010-09-22,0.0008614610000000001
2010-09-23,0.0008614610000000001
2010-09-24,0.0008614610000000001
2010-09-27,0.0008614610000000001
2010-09-28,0.0008614610000000001
2010-09-29,0.0008614610000000001
2010-09-30,0.0008614610000000001
2010-10-01,0.0008614610000000001
2010-10-04,0.0008614610000000001
2010-10-05,0.0008614610000000001
2010-10-06,0.0008614610000000001
2010-10-07,0.0008614610000000001
2010-10-08,0.0008614610000000001
2010-10-11,0.0008614610000000001
2010-10-12,0.0008614610000000001
2010-10-13,0.0008614610000000001
2010-10-14,0.0008614610000000001
2010-10-15,0.0008614610000000001
2010-10-18,0.0008614610000000001
2010-10-19,0.0008614610000000001
2010-10-20,0.0008614610000000001
2010-10-21,0.0008614610000000001
2010-10-22,0.0008614610000000001
2010-10-25,0.0008614610000000001
2010-10-26,0.0008614610000000001
2010-10-27,0.0008614610000000001
2010-10-28,0.0008614610000000001
2010-10-29,0.0008614610000000001
2010-11-01,0.0008614610000000001
2010-11-02,0.0008614610000000001
2010-11-03,0.0008614610000000001
2010-11-04,0.0008614610000000001
2010-11-05,0.0008614610000000001
2010-11-08,0.0008614610000000001
2010-11-09,0.0008614610000000001
2010-11-10,0.0008614610000000001
2010-11-11,0.0008614610000000001
2010-11-12,0.0008614610000000001
2010-11-15,0.0008614610000000001
2010-11-16,0.0008614610000000001
2010-11-17,0.0008614610000000001
2010-11-18,0.0008614610000000001
2010-11-19,0.0008614610000000001
2010-11-22,0.0008614610000000001
2010-11-23,0.0008614610000000001
2010-11-24,0.0008614610000000001
2010-11-25,0.0008614610000000001
2010-11-26,0.0008614610000000001
2010-11-29,0.0008614610000000001
2010-11-30,0.0008614610000000001
2010-12-01,0.0008614610000000001
2010-12-02,0.0008614610000000001
2010-12-03,0.0008614610000000001
2010-12-06,0.0008614610000000001
2010-12-07,0.0008614610000000001
2010-12-08,0.0008614610000000001
2010-12-09,0.0008614610000000001
2010-12-10,0.0008614610000000001
2010-12-13,0.0008614610000000001
2010-12-14,0.0008614610000000001
2010-12-15,0.0008614610000000001
2010-12-16,0.0008614610000000001
2010-12-17,0.0008614610000000001
2010-12-20,0.0008614610000000001
2010-12-21,0.0008614610000000001
2010-12-22,0.0008614610000000001
2010-12-23,0.0008614610000000001
2010-12-24,0.0008614610000000001
2010-12-27,0.0008614610000000001
2010-12-28,0.0008614610000000001
2010-12-29,0.0008614610000000001
2010-12-30,0.0008614610000000001
2010-12-31,0.0008614610000000001
2011-01-03,0.0008614610000000001
2011-01-04,0.0008614610000000001
2011-01-05,0.0008614610000000001
2011-01-06,0.0008614610000000001
2011-01-07,0.0008614610000000001
2011-01-10,0.0008614610000000001
2011-01-11,0.0008614610000000001
2011-01-12,0.0008614610000000001
2011-01-13,0.0008614610000000001
2011-01-14,0.0008614610000000001
2011-01-17,0.0008614610000000001
2011-01-18,0.0008614610000000001
2011-01-19,0.0008614610000000001
2011-01-20,0.0008614610000000001
2011-01-21,0.0008614610000000001
2011-01-24,0.0008614610000000001
2011-01-25,0.0008614610000000001
2011-01-26,0.0008614610000000001
2011-01-27,0.0008614610000000001
2011-01-28,0.0008614610000000001
2011-01-31,0.0008614610000000001
2011-02-01,0.0008614610000000001
2011-02-02,0.0008614610000000001
2011-02-03,0.0008614610000000001
2011-02-04,0.0008614610000000001
2011-02-07,0.0008614610000000001
2011-02-08,0.0008614610000000001
2011-02-09,0.0008614610000000001
2011-02-10,0.0008614610000000001
2011-02-11,0.0008614610000000001
2011-02-14,0.0008614610000000001
2011-02-15,0.0008614610000000001
2011-02-16,0.0008614610000000001
2011-02-17,0.0008614610000000001
2011-02-18,0.0008614610000000001
2011-02-21,0.0008614610000000001
2011-02-22,0.0008614610000000001
2011-02-23,0.0008614610000000001
2011-02-24,0.0008614610000000001
2011-02-25,0.0008614610000000001
2011-02-28,0.0008614610000000001
2011-03-01,0.0008614610000000001
2011-03-02,0.0008614610000000001
2011-03-03,0.0008614610000000001
2011-03-04,0.0008614610000000001
2011-03-07,0.0008614610000000001
2011-03-08,0.0008614610000000001
2011-03-09,0.0008614610000000001
2011-03-10,0.0008614610000000001
2011-03-11,0.0008614610000000001
2011-03-14,0.0008614610000000001
2011-03-15,0.0008614610000000001
2011-03-16,0.0008614610000000001
2011-03-17,0.0008614610000000001
2011-03-18,0.0008614610000000001
2011-03-21,0.0008614610000000001
2011-03-22,0.0008614610000000001
2011-03-23,0.0008614610000000001
2011-03-24,0.0008614610000000001
2011-03-25,0.0008614610000000001
2011-03-28,0.0008614610000000001
2011-03-29,0.0008614610000000001
2011-03-30,0.0008614610000000001
2011-03-31,0.0008614610000000001
2011-04-01,0.0008614610000000001
2011-04-04,0.0008614610000000001
2011-04-05,0.0008614610000000001
2011-04-06,0.0008614610000000001
2011-04-07,0.0008614610000000001
2011-04-08,0.0008614610000000001
2011-04-11,0.0008614610000000001
2011-04-12,0.0008614610000000001
2011-04-13,0.0008614610000000001
2011-04-14,0.0008614610000000001
2011-04-15,0.0008614610000000001
2011-04-18,0.0008614610000000001
2011-04-19,0.0008614610000000001
2011-04-20,0.0008614610000000001
2011-04-21,0.0008614610000000001
2011-04-22,0.0008614610000000001
2011-04-25,0.0008614610000000001
2011-04-26,0.0008614610000000001
2011-04-27,0.0008614610000000001
2011-04-28,0.0008614610000000001
2011-04-29,0.0008614610000000001
2011-05-02,0.0008614610000000001
2011-05-03,0.0008614610000000001
2011-05-04,0.0008614610000000001
2011-05-05,0.0008614610000000001
2011-05-06,0.0008614610000000001
2011-05-09,0.0008614610000000001
2011-05-10,0.0008614610000000001
2011-05-11,0.0008614610000000001
2011-05-12,0.0008614610000000001
2011-05-13,0.0008614610000000001
2011-05-16,0.0008614610000000001
2011-05-17,0.0008614610000000001
2011-05-18,0.0008614610000000001
2011-05-19,0.0008614610000000001
2011-05-20,0.0008614610000000001
2011-05-23,0.0008614610000000001
2011-05-24,0.0008614610000000001
2011-05-25,0.0008614610000000001
2011-05-26,0.0008614610000000001
2011-05-27,0.0008614610000000001
2011-05-30,0.0008614610000000001
2011-05-31,0.0008614610000000001
2011-06-01,0.0008614610000000001
2011-06-02,0.0008614610000000001
2011-06-03,0.0008614610000000001
2011-06-06,0.0008614610000000001
2011-06-07,0.0008614610000000001
2011-06-08,0.0008614610000000001
2011-06-09,0.0008614610000000001
2011-06-10,0.0008614610000000001
2011-06-13,0.0008614610000000001
2011-06-14,0.0008614610000000001
2011-06-15,0.0008614610000000001
2011-06-16,0.0008614610000000001
2011-06-17,0.0008614610000000001
2011-06-20,0.0008614610000000001
2011-06-21,0.0008614610000000001
2011-06-22,0.0008614610000000001
2011-06-23,0.0008614610000000001
2011-06-24,0.0008614610000000001
2011-06-27,0.0008614610000000001
2011-06-28,0.0008614610000000001
2011-06-29,0.0008614610000000001
2011-06-30,0.0008614610000000001
2011-07-01,0.0008614610000000001
2011-07-04,0.0008614610000000001
2011-07-05,0.0008614610000000001
2011-07-06,0.0008614610000000001
2011-07-07,0.0008614610000000001
2011-07-08,0.0008614610000000001
2011-07-11,0.0008614610000000001
2011-07-12,0.0008614610000000001
2011-07-13,0.0008614610000000001
2011-07-14,0.0008614610000000001
2011-07-15,0.0008614610000000001
2011-07-18,0.0008614610000000001
2011-07-19,0.0008614610000000001
2011-07-20,0.0008614610000000001
2011-07-21,0.0008614610000000001
2011-07-22,0.0008614610000000001
2011-07-25,0.0009627269999999999
2011-07-26,0.000938539
2011-07-27,0.0009627269999999999
2011-07-28,0.0009627269999999999
2011-07-29,0.0009627269999999999
2011-08-01,0.000938539
2011-08-02,0.0009627269999999999
2011-08-03,0.0009627269999999999
2011-08-04,0.000938539
2011-08-05,0.000938539
2011-08-08,0.000938539
2011-08-09,0.000938539
2011-08-10,0.000938539
2011-08-11,0.000938539
2011-08-12,0.000938539
2011-08-15,0.000938539
2011-08-16,0.000938539
2011-08-17,0.000938539
2011-08-18,0.000938539
2011-08-19,0.000938539
2011-08-22,0.000938539
2011-08-23,0.000938539
2011-08-24,0.000938539
2011-08-25,0.000938539
2011-08-26,0.000938539
2011-08-29,0.000938539
2011-08-30,0.000938539
2011-08-31,0.000938539
2011-09-01,0.000938539
2011-09-02,0.000938539
2011-09-05,0.000938539
2011-09-06,0.000938539
2011-09-07,0.000938539
2011-09-08,0.000938539
2011-09-09,0.000938539
2011-09-12,0.000938539
2011-09-13,0.000938539
2011-09-14,0.000938539
2011-09-15,0.000938539
2011-09-16,0.000938539
2011-09-19,0.000938539
2011-09-20,0.000938539
2011-09-21,0.000938539
2011-09-22,0.000938539
2011-09-23,0.000938539
2011-09-26,0.000938539
2011-09-27,0.000835712
2011-09-28,0.0008614610000000001
2011-09-29,0.0008614610000000001
2011-09-30,0.000835712
2011-10-03,0.000835712
2011-10-04,0.000835712
2011-10-05,0.000835712
2011-10-06,0.000835712
2011-10-07,0.000835712
2011-10-10,0.000835712
2011-10-11,0.0008614610000000001
2011-10-12,0.0008614610000000001
2011-10-13,0.0008614610000000001
2011-10-14,0.0008614610000000001
2011-10-17,0.0008614610000000001
2011-10-18,0.0008614610000000001
2011-10-19,0.0008614610000000001
2011-10-20,0.0008614610000000001
2011-10-21,0.0008614610000000001
2011-10-24,0.0008614610000000001
2011-10-25,0.0008614610000000001
2011-10-26,0.0008614610000000001
2011-10-27,0.0008614610000000001
2011-10-28,0.0008614610000000001
2011-10-31,0.0008614610000000001
2011-11-01,0.0008614610000000001
2011-11-02,0.0008614610000000001
2011-11-03,0.0008614610000000001
2011-11-04,0.0008614610000000001
2011-11-07,0.0008614610000000001
2011-11-08,0.0008614610000000001
2011-11-09,0.0008614610000000001
2011-11-10,0.0008614610000000001
2011-11-11,0.0008614610000000001
2011-11-14,0.0008614610000000001
2011-11-15,0.0008614610000000001
2011-11-16,0.0008614610000000001
2011-11-17,0.0008614610000000001
2011-11-18,0.0008614610000000001
2011-11-21,0.0008614610000000001
2011-11-22,0.0008614610000000001
2011-11-23,0.0008614610000000001
2011-11-24,0.0008614610000000001
2011-11-25,0.0008614610000000001
2011-11-28,0.0008614610000000001
2011-11-29,0.0008614610000000001
2011-11-30,0.0008614610000000001
2011-12-01,0.0008614610000000001
2011-12-02,0.0008614610000000001
2011-12-05,0.0008614610000000001
2011-12-06,0.0008614610000000001
2011-12-07,0.0008614610000000001
2011-12-08,0.0008614610000000001
2011-12-09,0.0008614610000000001
2011-12-12,0.0008614610000000001
2011-12-13,0.0008614610000000001
2011-12-14,0.0008614610000000001
2011-12-15,0.0008614610000000001
2011-12-16,0.0008614610000000001
2011-12-19,0.0008614610000000001
2011-12-20,0.0008614610000000001
2011-12-21,0.0008614610000000001
2011-12-22,0.0008614610000000001
2011-12-23,0.0008614610000000001
2011-12-26,0.0008614610000000001
2011-12-27,0.0008614610000000001
2011-12-28,0.0008614610000000001
2011-12-29,0.0008614610000000001
2011-12-30,0.0008614610000000001
2012-01-02,0.0008614610000000001
2012-01-03,0.0008614610000000001
2012-01-04,0.0008614610000000001
2012-01-05,0.0008614610000000001
2012-01-06,0.0008614610000000001
2012-01-09,0.0008614610000000001
2012-01-10,0.0008614610000000001
2012-01-11,0.0008614610000000001
2012-01-12,0.0008614610000000001
2012-01-13,0.0008614610000000001
2012-01-16,0.0008614610000000001
2012-01-17,0.0008614610000000001
2012-01-18,0.0008614610000000001
2012-01-19,0.0008614610000000001
2012-01-20,0.0008614610000000001
2012-01-23,0.0008614610000000001
2012-01-24,0.0008614610000000001
2012-01-25,0.0008614610000000001
2012-01-26,0.0008614610000000001
2012-01-27,0.0008614610000000001
2012-01-30,0.0008614610000000001
2012-01-31,0.0008614610000000001
2012-02-01,0.0008614610000000001
2012-02-02,0.0008614610000000001
2012-02-03,0.0008614610000000001
2012-02-06,0.0008614610000000001
2012-02-07,0.0008614610000000001
2012-02-08,0.0008614610000000001
2012-02-09,0.0008614610000000001
2012-02-10,0.0008614610000000001
2012-02-13,0.0008614610000000001
2012-02-14,0.0008614610000000001
2012-02-15,0.0008614610000000001
2012-02-16,0.0008614610000000001
2012-02-17,0.0008614610000000001
2012-02-20,0.0008614610000000001
2012-02-21,0.0008614610000000001
2012-02-22,0.0008614610000000001
2012-02-23,0.0008614610000000001
2012-02-24,0.0008614610000000001
2012-02-27,0.0008614610000000001
2012-02-28,0.0008614610000000001
2012-02-29,0.0008614610000000001
2012-03-01,0.0008614610000000001
2012-03-02,0.0008614610000000001
2012-03-05,0.0008614610000000001
2012-03-06,0.0008614610000000001
2012-03-07,0.0008614610000000001
2012-03-08,0.0008614610000000001
2012-03-09,0.0008614610000000001
2012-03-12,0.0008614610000000001
2012-03-13,0.0008614610000000001
2012-03-14,0.0008614610000000001
2012-03-15,0.0008614610000000001
2012-03-16,0.0008614610000000001
2012-03-19,0.0008614610000000001
2012-03-20,0.0008614610000000001
2012-03-21,0.0008614610000000001
2012-03-22,0.0008614610000000001
2012-03-23,0.0008614610000000001
2012-03-26,0.0008614610000000001
2012-03-27,0.0008614610000000001
2012-03-28,0.0008614610000000001
2012-03-29,0.0008614610000000001
2012-03-30,0.0008614610000000001
2012-04-02,0.0008614610000000001
2012-04-03,0.0008614610000000001
2012-04-04,0.0008614610000000001
2012-04-05,0.0008614610000000001
2012-04-06,0.0008614610000000001
2012-04-09,0.0008614610000000001
2012-04-10,0.0008614610000000001
2012-04-11,0.0008614610000000001
2012-04-12,0.0008614610000000001
2012-04-13,0.0008614610000000001
2012-04-16,0.0008614610000000001
2012-04-17,0.0008614610000000001
2012-04-18,0.0008614610000000001
2012-04-19,0.0008614610000000001
2012-04-20,0.0008614610000000001
2012-04-23,0.0008614610000000001
2012-04-24,0.0008614610000000001
2012-04-25,0.0008614610000000001
2012-04-26,0.0008614610000000001
2012-04-27,0.0008614610000000001
2012-04-30,0.0008614610000000001
2012-05-01,0.0008614610000000001
2012-05-02,0.0008614610000000001
2012-05-03,0.0008614610000000001
2012-05-04,0.0008614610000000001
2012-05-07,0.0008614610000000001
2012-05-08,0.0008614610000000001
2012-05-09,0.0008614610000000001
2012-05-10,0.0008614610000000001
2012-05-11,0.0008614610000000001
2012-05-14,0.0008614610000000001
2012-05-15,0.0008614610000000001
2012-05-16,0.0008614610000000001
2012-05-17,0.0008614610000000001
2012-05-18,0.0008614610000000001
2012-05-21,0.0008614610000000001
2012-05-22,0.0008614610000000001
2012-05-23,0.0008614610000000001
2012-05-24,0.0008614610000000001
2012-05-25,0.000835712
2012-05-28,0.000835712
2012-05-29,0.000835712
2012-05-30,0.000835712
2012-05-31,0.000835712
2012-06-01,0.000835712
2012-06-04,0.000835712
2012-06-05,0.000835712
2012-06-06,0.000835712
2012-06-07,0.0008614610000000001
2012-06-08,0.0008614610000000001
2012-06-11,0.0008614610000000001
2012-06-12,0.0008614610000000001
2012-06-13,0.0008614610000000001
2012-06-14,0.0008614610000000001
2012-06-15,0.0008614610000000001
2012-06-18,0.0008614610000000001
2012-06-19,0.0008614610000000001
2012-06-20,0.0008614610000000001
2012-06-21,0.0008614610000000001
2012-06-22,0.0008614610000000001
2012-06-25,0.0008614610000000001
2012-06-26,0.0008614610000000001
2012-06-27,0.0008614610000000001
2012-06-28,0.0008614610000000001
2012-06-29,0.0008614610000000001
2012-07-02,0.0008614610000000001
2012-07-03,0.0008614610000000001
2012-07-04,0.0008614610000000001
2012-07-05,0.0008614610000000001
2012-07-06,0.0008614610000000001
2012-07-09,0.0008614610000000001
2012-07-10,0.0008614610000000001
2012-07-11,0.0008614610000000001
2012-07-12,0.0008614610000000001
2012-07-13,0.0008614610000000001
2012-07-16,0.0008614610000000001
2012-07-17,0.0008614610000000001
2012-07-18,0.0008614610000000001
2012-07-19,0.0008614610000000001
2012-07-20,0.0008614610000000001
2012-07-23,0.0008614610000000001
2012-07-24,0.0008614610000000001
2012-07-25,0.0008614610000000001
2012-07-26,0.0008614610000000001
2012-07-27,0.0008614610000000001
2012-07-30,0.0008614610000000001
2012-07-31,0.0008614610000000001
2012-08-01,0.0008614610000000001
2012-08-02,0.0008614610000000001
2012-08-03,0.0008614610000000001
2012-08-06,0.0008614610000000001
2012-08-07,0.0008614610000000001
2012-08-08,0.0008614610000000001
2012-08-09,0.0008614610000000001
2012-08-10,0.0008614610000000001
2012-08-13,0.0008614610000000001
2012-08-14,0.0008614610000000001
2012-08-15,0.0008614610000000001
2012-08-16,0.0008614610000000001
2012-08-17,0.0008614610000000001
2012-08-20,0.0008614610000000001
2012-08-21,0.0008614610000000001
2012-08-22,0.0008614610000000001
2012-08-23,0.0008614610000000001
2012-08-24,0.0008614610000000001
2012-08-27,0.0008614610000000001
2012-08-28,0.0008614610000000001
2012-08-29,0.0008614610000000001
2012-08-30,0.0008614610000000001
2012-08-31,0.0008614610000000001
2012-09-03,0.0008614610000000001
2012-09-04,0.0008614610000000001
2012-09-05,0.0008614610000000001
2012-09-06,0.0008614610000000001
2012-09-07,0.0008614610000000001
2012-09-10,0.0008614610000000001
2012-09-11,0.0008614610000000001
2012-09-12,0.0008614610000000001
2012-09-13,0.0008614610000000001
2012-09-14,0.0008614610000000001
2012-09-17,0.0008614610000000001
2012-09-18,0.0008614610000000001
2012-09-19,0.0008614610000000001
2012-09-20,0.0008614610000000001
2012-09-21,0.0008614610000000001
2012-09-24,0.0008614610000000001
2012-09-25,0.0008614610000000001
2012-09-26,0.0008614610000000001
2012-09-27,0.0008614610000000001
2012-09-28,0.0008614610000000001
2012-10-01,0.0008614610000000001
2012-10-02,0.0008614610000000001
2012-10-03,0.0008614610000000001
2012-10-04,0.0008614610000000001
2012-10-05,0.0008614610000000001
2012-10-08,0.0008614610000000001
2012-10-09,0.0008614610000000001
2012-10-10,0.0008614610000000001
2012-10-11,0.0008614610000000001
2012-10-12,0.0008614610000000001
2012-10-15,0.0008614610000000001
2012-10-16,0.0008614610000000001
2012-10-17,0.0008614610000000001
2012-10-18,0.0008614610000000001
2012-10-19,0.0008614610000000001
2012-10-22,0.0008614610000000001
2012-10-23,0.0008614610000000001
2012-10-24,0.0008614610000000001
2012-10-25,0.0008614610000000001
2012-10-26,0.0008614610000000001
2012-10-29,0.0008614610000000001
2012-10-30,0.0008614610000000001
2012-10-31,0.0008614610000000001
2012-11-01,0.0008614610000000001
2012-11-02,0.0008614610000000001
2012-11-05,0.0008614610000000001
2012-11-06,0.0008614610000000001
2012-11-07,0.0008614610000000001
2012-11-08,0.0008614610000000001
2012-11-09,0.0008614610000000001
2012-11-12,0.0008614610000000001
2012-11-13,0.0008614610000000001
2012-11-14,0.0008614610000000001
2012-11-15,0.0008614610000000001
2012-11-16,0.0008614610000000001
2012-11-19,0.0008614610000000001
2012-11-20,0.0008614610000000001
2012-11-21,0.0008614610000000001
2012-11-22,0.0008614610000000001
2012-11-23,0.0008614610000000001
2012-11-26,0.0008614610000000001
2012-11-27,0.0008614610000000001
2012-11-28,0.0008614610000000001
2012-11-29,0.0008614610000000001
2012-11-30,0.0008614610000000001
2012-12-03,0.0008614610000000001
2012-12-04,0.0008614610000000001
2012-12-05,0.0008614610000000001
2012-12-06,0.0008614610000000001
2012-12-07,0.0008614610000000001
2012-12-10,0.0008614610000000001
2012-12-11,0.0008614610000000001
2012-12-12,0.0008614610000000001
2012-12-13,0.0008614610000000001
2012-12-14,0.0008614610000000001
2012-12-17,0.0008614610000000001
2012-12-18,0.0008614610000000001
2012-12-19,0.0008614610000000001
2012-12-20,0.0008614610000000001
2012-12-21,0.0008614610000000001
2012-12-24,0.0008614610000000001
2012-12-25,0.0008614610000000001
2012-12-26,0.0008614610000000001
2012-12-27,0.0008614610000000001
2012-12-28,0.0008614610000000001
2012-12-31,0.0008614610000000001
2013-01-01,0.0008614610000000001
2013-01-02,0.0008614610000000001
2013-01-03,0.0008614610000000001
2013-01-04,0.0008614610000000001
2013-01-07,0.0008614610000000001
2013-01-08,0.0008614610000000001
2013-01-09,0.0008614610000000001
2013-01-10,0.0008614610000000001
2013-01-11,0.0008614610000000001
2013-01-14,0.0009627269999999999
2013-01-15,0.0009627269999999999
2013-01-16,0.000938539
2013-01-17,0.000938539
2013-01-18,0.000938539
2013-01-21,0.000938539
2013-01-22,0.000938539
2013-01-23,0.000938539
2013-01-24,0.000938539
2013-01-25,0.000938539
2013-01-28,0.000938539
2013-01-29,0.000938539
2013-01-30,0.000938539
2013-01-31,0.000938539
2013-02-01,0.000938539
2013-02-04,0.000938539
2013-02-05,0.000938539
2013-02-06,0.000938539
2013-02-07,0.000938539
2013-02-08,0.000938539
2013-02-11,0.000938539
2013-02-12,0.000938539
2013-02-13,0.000938539
2013-02-14,0.000938539
2013-02-15,0.000938539
2013-02-18,0.000938539
2013-02-19,0.000938539
2013-02-20,0.000938539
2013-02-21,0.000938539
2013-02-22,0.000938539
2013-02-25,0.000938539
2013-02-26,0.000938539
2013-02-27,0.000938539
2013-02-28,0.000938539
2013-03-01,0.000938539
2013-03-04,0.000938539
2013-03-05,0.000938539
2013-03-06,0.000938539
2013-03-07,0.000938539
2013-03-08,0.000938539
2013-03-11,0.000938539
2013-03-12,0.000938539
2013-03-13,0.000938539
2013-03-14,0.000938539
2013-03-15,0.000938539
2013-03-18,0.000938539
2013-03-19,0.000938539
2013-03-20,0.000938539
2013-03-21,0.000938539
2013-03-22,0.000938539
2013-03-25,0.000938539
2013-03-26,0.000938539
2013-03-27,0.000938539
2013-03-28,0.000938539
2013-03-29,0.000938539
2013-04-01,0.000938539
2013-04-02,0.000938539
2013-04-03,0.000938539
2013-04-04,0.000938539
2013-04-05,0.000938539
2013-04-08,0.000938539
2013-04-09,0.000938539
2013-04-10,0.000938539
2013-04-11,0.000938539
2013-04-12,0.000938539
2013-04-15,0.000938539
2013-04-16,0.000938539
2013-04-17,0.000938539
2013-04-18,0.000938539
2013-04-19,0.000938539
2013-04-22,0.000938539
2013-04-23,0.000938539
2013-04-24,0.000938539
2013-04-25,0.000938539
2013-04-26,0.000938539
2013-04-29,0.000938539
2013-04-30,0.000938539
2013-05-01,0.000938539
2013-05-02,0.000938539
2013-05-03,0.000938539
2013-05-06,0.000938539
2013-05-07,0.000938539
2013-05-08,0.000938539
2013-05-09,0.000938539
2013-05-10,0.000938539
2013-05-13,0.000938539
2013-05-14,0.000938539
2013-05-15,0.000938539
2013-05-16,0.000938539
2013-05-17,0.000938539
2013-05-20,0.000938539
2013-05-21,0.000938539
2013-05-22,0.000938539
2013-05-23,0.000938539
2013-05-24,0.000938539
2013-05-27,0.000938539
2013-05-28,0.000938539
2013-05-29,0.000938539
2013-05-30,0.000938539
2013-05-31,0.000938539
2013-06-03,0.000938539
2013-06-04,0.000938539
2013-06-05,0.000938539
2013-06-06,0.000938539
2013-06-07,0.000938539
2013-06-10,0.000938539
2013-06-11,0.000938539
2013-06-12,0.000938539
2013-06-13,0.000938539
2013-06-14,0.000938539
2013-06-17,0.000938539
2013-06-18,0.000938539
2013-06-19,0.000938539
2013-06-20,0.000938539
2013-06-21,0.000938539
2013-06-24,0.000938539
2013-06-25,0.000938539
2013-06-26,0.000938539
2013-06-27,0.000938539
2013-06-28,0.000938539
2013-07-01,0.000938539
2013-07-02,0.000938539
2013-07-03,0.000938539
2013-07-04,0.000938539
2013-07-05,0.000938539
2013-07-08,0.000938539
2013-07-09,0.000938539
2013-07-10,0.000938539
2013-07-11,0.000938539
2013-07-12,0.000938539
2013-07-15,0.000938539
2013-07-16,0.000938539
2013-07-17,0.000938539
2013-07-18,0.000938539
2013-07-19,0.000938539
2013-07-22,0.000938539
2013-07-23,0.000938539
2013-07-24,0.000938539
2013-07-25,0.000938539
2013-07-26,0.000938539
2013-07-29,0.000938539
2013-07-30,0.000938539
2013-07-31,0.000938539
2013-08-01,0.000938539
2013-08-02,0.000938539
2013-08-05,0.000938539
2013-08-06,0.000938539
2013-08-07,0.000938539
2013-08-08,0.000938539
2013-08-09,0.000938539
2013-08-12,0.000938539
2013-08-13,0.000938539
2013-08-14,0.000938539
2013-08-15,0.000938539
2013-08-16,0.000938539
2013-08-19,0.000938539
2013-08-20,0.000938539
2013-08-21,0.000938539
2013-08-22,0.000938539
2013-08-23,0.000938539
2013-08-26,0.000938539
2013-08-27,0.000938539
2013-08-28,0.000938539
2013-08-29,0.000938539
2013-08-30,0.000938539
2013-09-02,0.000938539
2013-09-03,0.000938539
2013-09-04,0.000938539
2013-09-05,0.000938539
2013-09-06,0.000938539
2013-09-09,0.000938539
2013-09-10,0.000938539
2013-09-11,0.000938539
2013-09-12,0.000938539
2013-09-13,0.000938539
2013-09-16,0.000938539
2013-09-17,0.000938539
2013-09-18,0.000938539
2013-09-19,0.000938539
2013-09-20,0.000938539
2013-09-23,0.000938539
2013-09-24,0.000938539
2013-09-25,0.000938539
2013-09-26,0.000938539
2013-09-27,0.000938539
2013-09-30,0.000938539
2013-10-01,0.000938539
2013-10-02,0.000938539
2013-10-03,0.000938539
2013-10-04,0.000938539
2013-10-07,0.000938539
2013-10-08,0.000938539
2013-10-09,0.000938539
2013-10-10,0.000938539
2013-10-11,0.000938539
2013-10-14,0.000938539
2013-10-15,0.000938539
2013-10-16,0.000938539
2013-10-17,0.000938539
2013-10-18,0.000938539
2013-10-21,0.000938539
2013-10-22,0.000938539
2013-10-23,0.000938539
2013-10-24,0.000938539
2013-10-25,0.000938539
2013-10-28,0.000938539
2013-10-29,0.000938539
2013-10-30,0.000938539
2013-10-31,0.000938539
2013-11-01,0.000938539
2013-11-04,0.000938539
2013-11-05,0.000938539
2013-11-06,0.000938539
2013-11-07,0.000938539
2013-11-08,0.000938539
2013-11-11,0.000938539
2013-11-12,0.000938539
2013-11-13,0.000938539
2013-11-14,0.000938539
2013-11-15,0.000938539
2013-11-18,0.000938539
2013-11-19,0.000938539
2013-11-20,0.000938539
2013-11-21,0.000938539
2013-11-22,0.000938539
2013-11-25,0.000938539
2013-11-26,0.000938539
2013-11-27,0.000938539
2013-11-28,0.000938539
2013-11-29,0.000938539
2013-12-02,0.000938539
2013-12-03,0.000938539
2013-12-04,0.000938539
2013-12-05,0.000938539
2013-12-06,0.000938539
2013-12-09,0.000938539
2013-12-10,0.0009390000000000001
2013-12-11,0.0009630000000000001
2013-12-12,0.0009630000000000001
2013-12-13,0.0009630000000000001
2013-12-16,0.0009390000000000001
2013-12-17,0.0009390000000000001
2013-12-18,0.0009630000000000001
2013-12-19,0.0009630000000000001
2013-12-20,0.0009390000000000001
2013-12-23,0.0009390000000000001
2013-12-24,0.0009390000000000001
2013-12-25,0.0009390000000000001
2013-12-26,0.0009390000000000001
2013-12-27,0.0009390000000000001
2013-12-30,0.0009390000000000001
2013-12-31,0.0009390000000000001
2014-01-01,0.0009390000000000001
2014-01-02,0.0009390000000000001
2014-01-03,0.0009630000000000001
2014-01-06,0.0009390000000000001
2014-01-07,0.0009390000000000001
2014-01-08,0.0009390000000000001
2014-01-09,0.0009390000000000001
2014-01-10,0.0009390000000000001
2014-01-13,0.0009390000000000001
2014-01-14,0.0009390000000000001
2014-01-15,0.0009390000000000001
2014-01-16,0.0009390000000000001
2014-01-17,0.0009390000000000001
2014-01-20,
2014-01-21,0.0009390000000000001
2014-01-22,0.0009390000000000001
2014-01-23,0.0009390000000000001
2014-01-24,0.0009390000000000001
2014-01-27,0.0009390000000000001
2014-01-28,0.0009390000000000001
2014-01-29,0.0009390000000000001
2014-01-30,0.0009390000000000001
2014-01-31,0.0009390000000000001
2014-02-03,0.0009400000000000001
2014-02-04,0.000941
2014-02-05,0.00095
2014-02-06,0.000938539
2014-02-07,0.000938539
2014-02-10,0.000938539
2014-02-11,0.000938539
2014-02-12,0.000938539
2014-02-13,0.000938539
2014-02-14,0.000938539
2014-02-17,0.000938539
2014-02-18,0.000938539
2014-02-19,0.000938539
2014-02-20,0.000938539
2014-02-21,0.000938539
2014-02-24,0.000938539
2014-02-25,0.000938539
2014-02-26,0.000938539
2014-02-27,0.000938539
2014-02-28,0.000938539
2014-03-03,0.000938539
2014-03-04,0.000938539
2014-03-05,0.000938539
2014-03-06,0.000938539
2014-03-07,0.000938539
2014-03-10,0.000938539
2014-03-11,0.000938539
2014-03-12,0.000938539
2014-03-13,0.000938539
2014-03-14,0.000938539
2014-03-17,0.000938539
2014-03-18,0.000938539
2014-03-19,0.000938539
2014-03-20,0.000938539
2014-03-21,0.000938539
2014-03-24,0.000938539
2014-03-25,0.000938539
2014-03-26,0.000938539
2014-03-27,0.000938539
2014-03-28,0.000938539
2014-03-31,0.000938539
2014-04-01,0.000938539
2014-04-02,0.000938539
2014-04-03,0.000938539
2014-04-04,0.000938539
2014-04-07,0.000938539
2014-04-08,0.000938539
2014-04-09,0.000938539
2014-04-10,0.0009627269999999999
2014-04-11,0.0009627269999999999
2014-04-14,0.0009627269999999999
2014-04-15,0.0009627269999999999
2014-04-16,0.0009627269999999999
2014-04-17,0.0009627269999999999
2014-04-18,0.0009627269999999999
2014-04-21,0.0009627269999999999
2014-04-22,0.0009627269999999999
2014-04-23,0.0009627269999999999
2014-04-24,0.0009627269999999999
2014-04-25,0.0009627269999999999
2014-04-28,0.0009627269999999999
2014-04-29,0.0009627269999999999
2014-04-30,0.0009627269999999999
2014-05-01,0.0009627269999999999
2014-05-02,0.0009627269999999999
2014-05-05,0.0009627269999999999
2014-05-06,0.0009627269999999999
2014-05-07,0.0009627269999999999
2014-05-08,0.0009627269999999999
2014-05-09,0.0009627269999999999
2014-05-12,0.0009627269999999999
2014-05-13,0.0009627269999999999
2014-05-14,0.0009627269999999999
2014-05-15,0.0009627269999999999
2014-05-16,0.0009627269999999999
2014-05-19,0.0009627269999999999
2014-05-20,0.0009627269999999999
2014-05-21,0.0009627269999999999
2014-05-22,0.0009627269999999999
2014-05-23,0.0009627269999999999
2014-05-26,0.0009627269999999999
2014-05-27,0.0009627269999999999
2014-05-28,0.0009627269999999999
2014-05-29,0.0009627269999999999
2014-05-30,0.0009627269999999999
2014-06-02,0.0009627269999999999
2014-06-03,0.0009627269999999999
2014-06-04,0.0009627269999999999
2014-06-05,0.0009627269999999999
2014-06-06,0.0009627269999999999
2014-06-09,0.0009627269999999999
2014-06-10,0.0009627269999999999
2014-06-11,0.0009627269999999999
2014-06-12,0.0009627269999999999
2014-06-13,0.0009627269999999999
2014-06-16,0.0009627269999999999
2014-06-17,0.0009627269999999999
2014-06-18,0.0009627269999999999
2014-06-19,0.0009627269999999999
2014-06-20,0.0009627269999999999
2014-06-23,0.0009627269999999999
2014-06-24,0.0009627269999999999
2014-06-25,0.0009627269999999999
2014-06-26,0.0009627269999999999
2014-06-27,0.0009627269999999999
2014-06-30,0.0009627269999999999
2014-07-01,0.0009627269999999999
2014-07-02,0.0009627269999999999
2014-07-03,0.0009627269999999999
2014-07-04,0.0009627269999999999
2014-07-07,0.0009627269999999999
2014-07-08,0.0009627269999999999
2014-07-09,0.0009627269999999999
2014-07-10,0.0009627269999999999
2014-07-11,0.0009627269999999999
2014-07-14,0.0009627269999999999
2014-07-15,0.0009627269999999999
2014-07-16,0.0009627269999999999
2014-07-17,0.0009627269999999999
2014-07-18,0.0009627269999999999
2014-07-21,0.0009627269999999999
2014-07-22,0.0009627269999999999
2014-07-23,0.0009627269999999999
2014-07-24,0.0009627269999999999
2014-07-25,0.0009627269999999999
2014-07-28,0.0009627269999999999
2014-07-29,0.0009627269999999999
2014-07-30,0.0009627269999999999
2014-07-31,0.0009627269999999999
2014-08-01,0.0009627269999999999
2014-08-04,0.0009627269999999999
2014-08-05,0.0009627269999999999
2014-08-06,0.0009627269999999999
2014-08-07,0.0009627269999999999
2014-08-08,0.0009627269999999999
2014-08-11,0.0009627269999999999
2014-08-12,0.0009627269999999999
2014-08-13,0.0009627269999999999
2014-08-14,0.0009627269999999999
2014-08-15,0.0009627269999999999
2014-08-18,0.0009627269999999999
2014-08-19,0.0009627269999999999
2014-08-20,0.0009627269999999999
2014-08-21,0.0009627269999999999
2014-08-22,0.0009627269999999999
2014-08-25,0.0009627269999999999
2014-08-26,0.0009627269999999999
2014-08-27,0.0009627269999999999
2014-08-28,0.0009627269999999999
2014-08-29,0.0009627269999999999
2014-09-01,0.0009627269999999999
2014-09-02,0.0009627269999999999
2014-09-03,0.0009627269999999999
2014-09-04,0.0009627269999999999
2014-09-05,0.0009627269999999999
2014-09-08,0.0009627269999999999
2014-09-09,0.0009627269999999999
2014-09-10,0.0009627269999999999
2014-09-11,0.0009627269999999999
2014-09-12,0.0009627269999999999
2014-09-15,0.0009627269999999999
2014-09-16,0.0009627269999999999
2014-09-17,0.0009627269999999999
2014-09-18,0.000962727
2014-09-19,0.000962727
2014-09-22,0.000962727
2014-09-23,0.000962727
2014-09-24,0.000962727
2014-09-25,0.000962727
2014-09-26,0.000962727
2014-09-29,0.000962727
2014-09-30,0.000962727
2014-10-01,0.000938539
2014-10-02,0.000938539
2014-10-03,0.000938539
2014-10-06,0.000938539
2014-10-07,0.000938539
2014-10-08,0.000938539
2014-10-09,0.000938539
2014-10-10,0.000938539
2014-10-13,0.000938539
2014-10-14,0.000938539
2014-10-15,0.000938539
2014-10-16,0.000938539
2014-10-17,0.000938539
2014-10-20,0.000938539
2014-10-21,0.000938539
2014-10-22,0.000938539
2014-10-23,0.000938539
2014-10-24,0.000938539
2014-10-27,0.000938539
2014-10-28,0.000938539
2014-10-29,0.000962727
2014-10-30,0.000962727
2014-10-31,0.000938539
2014-11-03,0.000938539
2014-11-04,0.000938539
2014-11-05,0.000938539
2014-11-06,0.000938539
2014-11-07,0.000938539
2014-11-10,0.000938539
2014-11-11,0.000938539
2014-11-12,0.000938539
2014-11-13,0.000938539
2014-11-14,0.000938539
2014-11-17,0.000938539
2014-11-18,0.000938539
2014-11-19,0.000938539
2014-11-20,0.000938539
2014-11-21,0.000938539
2014-11-24,0.000938539
2014-11-25,0.000938539
2014-11-26,0.000938539
2014-11-27,0.000938539
2014-11-28,0.000938539
2014-12-01,0.000938539
2014-12-02,0.000938539
2014-12-03,0.000938539
2014-12-04,0.000938539
2014-12-05,0.000938539
2014-12-08,0.000938539
2014-12-09,0.000938539
2014-12-10,0.000938539
2014-12-11,0.000938539
2014-12-12,0.000938539
2014-12-15,0.000938539
2014-12-16,0.000938539
2014-12-17,0.000938539
2014-12-18,0.000938539
2014-12-19,0.000938539
2014-12-22,0.000938539
2014-12-23,0.000938539
2014-12-24,0.000938539
2014-12-25,0.000938539
2014-12-26,0.000938539
2014-12-29,0.000938539
2014-12-30,0.000938539
2014-12-31,0.000938539
2015-01-01,0.000938539
2015-01-02,0.000938539
2015-01-05,0.000938539
2015-01-06,0.000938539
2015-01-07,0.000938539
2015-01-08,0.000938539
2015-01-09,0.000938539
2015-01-12,0.000938539
2015-01-13,0.000938539
2015-01-14,0.000938539
2015-01-15,0.000938539
2015-01-16,0.000938539
2015-01-19,0.000938539
2015-01-20,0.000938539
2015-01-21,0.000938539
2015-01-22,0.000938539
2015-01-23,0.000938539
2015-01-26,0.000938539
2015-01-27,0.000938539
2015-01-28,0.000938539
2015-01-29,0.000938539
2015-01-30,0.000938539
2015-02-02,0.000938539
2015-02-03,0.000938539
2015-02-04,0.000938539
2015-02-05,0.000938539
2015-02-06,0.000938539
2015-02-09,0.000938539
2015-02-10,0.000938539
2015-02-11,0.000938539
2015-02-12,0.000938539
2015-02-13,0.000938539
2015-02-16,0.000938539
2015-02-17,0.000938539
2015-02-18,0.000938539
2015-02-19,0.000938539
2015-02-20,0.000938539
2015-02-23,0.000938539
2015-02-24,0.000938539
2015-02-25,0.000938539
2015-02-26,0.000938539
2015-02-27,0.000938539
2015-03-02,0.000938539
2015-03-03,0.000938539
2015-03-04,0.000938539
2015-03-05,0.000938539
2015-03-06,0.000938539
2015-03-09,0.000938539
2015-03-10,0.000938539
2015-03-11,0.000938539
2015-03-12,0.000938539
2015-03-13,0.000938539
2015-03-16,0.000938539
2015-03-17,0.000938539
2015-03-18,0.000938539
2015-03-19,0.000938539
2015-03-20,0.000938539
2015-03-23,0.000938539
2015-03-24,0.000938539
2015-03-25,0.000938539
2015-03-26,0.000938539
2015-03-27,0.000938539
2015-03-30,0.000938539
2015-03-31,0.000938539
2015-04-01,0.000938539
2015-04-02,0.000938539
2015-04-03,0.000938539
2015-04-06,0.000938539
2015-04-07,0.000938539
2015-04-08,0.000938539
2015-04-09,0.000938539
2015-04-10,0.000938539
2015-04-13,0.000938539
2015-04-14,0.000938539
2015-04-15,0.000938539
2015-04-16,0.000938539
2015-04-17,0.000938539
2015-04-20,0.000938539
2015-04-21,0.000938539
2015-04-22,0.000938539
2015-04-23,0.000938539
2015-04-24,0.000938539
2015-04-27,0.000938539
2015-04-28,0.000938539
2015-04-29,0.000938539
2015-04-30,0.000938539
2015-05-01,0.000938539
2015-05-04,0.000938539
2015-05-05,0.000938539
2015-05-06,0.000938539
2015-05-07,0.000938539
2015-05-08,0.000938539
2015-05-11,0.000938539
2015-05-12,0.000938539
2015-05-13,0.000938539
2015-05-14,0.000938539
2015-05-15,0.000938539
2015-05-18,0.000938539
2015-05-19,0.000938539
2015-05-20,0.000938539
2015-05-21,0.000938539
2015-05-22,0.000938539
2015-05-25,0.000938539
2015-05-26,0.000938539
2015-05-27,0.000938539
2015-05-28,0.000938539
2015-05-29,0.000938539
2015-06-01,0.000938539
2015-06-02,0.000938539
2015-06-03,0.000938539
2015-06-04,0.000938539
2015-06-05,0.000938539
2015-06-08,0.000938539
2015-06-09,0.000938539
2015-06-10,0.000938539
2015-06-11,0.000938539
2015-06-12,0.000938539
2015-06-15,0.000938539
2015-06-16,0.000938539
2015-06-17,0.000938539
2015-06-18,0.000938539
2015-06-19,0.000938539
2015-06-22,0.000938539
2015-06-23,0.000938539
2015-06-24,0.000938539
2015-06-25,0.000938539
2015-06-26,0.000938539
2015-06-29,0.000938539
2015-06-30,0.000938539
2015-07-01,0.000938539
2015-07-02,0.000938539
2015-07-03,0.000938539
2015-07-06,0.000938539
2015-07-07,0.000938539
2015-07-08,0.000938539
2015-07-09,0.000938539
2015-07-10,0.000938539
2015-07-13,0.000938539
2015-07-14,0.000938539
2015-07-15,0.000938539
2015-07-16,0.000938539
2015-07-17,0.000938539
2015-07-20,0.000938539
2015-07-21,0.000938539
2015-07-22,0.000938539
2015-07-23,0.000938539
2015-07-24,0.000938539
2015-07-27,0.000938539
2015-07-28,0.000938539
2015-07-29,0.000938539
2015-07-30,0.000938539
2015-07-31,0.000938539
2015-08-03,0.000938539
2015-08-04,0.000938539
2015-08-05,0.000938539
2015-08-06,0.000938539
2015-08-07,0.000938539
2015-08-10,0.000938539
2015-08-11,0.000938539
2015-08-12,0.000938539
2015-08-13,0.000835712
2015-08-14,0.0008614610000000001
2015-08-17,0.000835712
2015-08-18,0.000835712
2015-08-19,0.000835712
2015-08-20,0.000835712
2015-08-21,0.000835712
2015-08-24,0.000835712
2015-08-25,0.000835712
2015-08-26,0.000835712
2015-08-27,0.000835712
2015-08-28,0.000835712
2015-08-31,0.000835712
2015-09-01,0.000835712
2015-09-02,0.000835712
2015-09-03,0.000835712
2015-09-04,0.000835712
2015-09-07,0.000835712
2015-09-08,0.000835712
2015-09-09,0.000835712
2015-09-10,0.000835712
2015-09-11,0.000835712
2015-09-14,0.000835712
2015-09-15,0.000835712
2015-09-16,0.000835712
2015-09-17,0.0008614610000000001
2015-09-18,0.0008614610000000001
2015-09-21,0.0008614610000000001
2015-09-22,0.000835712
2015-09-23,0.000835712
2015-09-24,0.000835712
2015-09-25,0.000835712
2015-09-28,0.000835712
2015-09-29,0.000835712
2015-09-30,0.000835712
2015-10-01,0.000835712
2015-10-02,0.000835712
2015-10-05,0.0008614610000000001
2015-10-06,0.0008614610000000001
2015-10-07,0.0008614610000000001
2015-10-08,0.0008614610000000001
2015-10-09,0.0008614610000000001
2015-10-12,0.0008614610000000001
2015-10-13,0.0008614610000000001
2015-10-14,0.0008614610000000001
2015-10-15,0.0008614610000000001
2015-10-16,0.0008614610000000001
2015-10-19,0.0008614610000000001
2015-10-20,0.0008614610000000001
2015-10-21,0.0008614610000000001
2015-10-22,0.0008614610000000001
2015-10-23,0.0008614610000000001
2015-10-26,0.0008614610000000001
2015-10-27,0.0008614610000000001
2015-10-28,0.0008614610000000001
2015-10-29,0.0008614610000000001
2015-10-30,0.0008614610000000001
2015-11-02,0.0008614610000000001
2015-11-03,0.0008614610000000001
2015-11-04,0.0008614610000000001
2015-11-05,0.0008614610000000001
2015-11-06,0.0008614610000000001
2015-11-09,0.0008614610000000001
2015-11-10,0.0008614610000000001
2015-11-11,0.0008614610000000001
2015-11-12,0.0008614610000000001
2015-11-13,0.0008614610000000001
2015-11-16,0.0008614610000000001
2015-11-17,0.0008614610000000001
2015-11-18,0.0008614610000000001
2015-11-19,0.0008614610000000001
2015-11-20,0.0008614610000000001
2015-11-23,0.0008614610000000001
2015-11-24,0.0008614610000000001
2015-11-25,0.0008614610000000001
2015-11-26,0.0008614610000000001
2015-11-27,0.0008614610000000001
2015-11-30,0.0008614610000000001
2015-12-01,0.0008614610000000001
2015-12-02,0.0008614610000000001
2015-12-03,0.0008614610000000001
2015-12-04,0.0008614610000000001
2015-12-07,0.0008614610000000001
2015-12-08,0.0008614610000000001
2015-12-09,0.000835712
2015-12-10,0.000835712
2015-12-11,0.000835712
2015-12-14,0.000835712
2015-12-15,0.000835712
2015-12-16,0.000835712
2015-12-17,0.000835712
2015-12-18,0.000835712
2015-12-21,0.000835712
2015-12-22,0.0008614610000000001
2015-12-23,0.0008614610000000001
2015-12-24,0.0008614610000000001
2015-12-25,0.0008614610000000001
2015-12-28,0.0008614610000000001
2015-12-29,0.0008614610000000001
2015-12-30,0.0008614610000000001
2015-12-31,0.0008614610000000001
2016-01-01,0.0008614610000000001
2016-01-04,0.000835712
2016-01-05,0.000835712
2016-01-06,0.000835712
2016-01-07,0.000835712
2016-01-08,0.000835712
2016-01-11,0.000835712
2016-01-12,0.000835712
2016-01-13,0.000835712
2016-01-14,0.000835712
2016-01-15,0.000835712
2016-01-18,0.000835712
2016-01-19,0.000835712
2016-01-20,0.000835712
2016-01-21,0.000835712
2016-01-22,0.000835712
2016-01-25,0.000835712
2016-01-26,0.000835712
2016-01-27,0.000835712
2016-01-28,0.000835712
2016-01-29,0.000835712
2016-02-01,0.000835712
2016-02-02,0.000835712
2016-02-03,0.000835712
2016-02-04,0.000835712
2016-02-05,0.000835712
2016-02-08,0.000835712
2016-02-09,0.000835712
2016-02-10,0.000835712
2016-02-11,0.000835712
2016-02-12,0.000835712
2016-02-15,0.000835712
2016-02-16,0.000835712
2016-02-17,0.000835712
2016-02-18,0.000835712
2016-02-19,0.000835712
2016-02-22,0.000835712
2016-02-23,0.000835712
2016-02-24,0.000835712
2016-02-25,0.000835712
2016-02-26,0.000835712
2016-02-29,0.000835712
2016-03-01,0.000835712
2016-03-02,0.000835712
2016-03-03,0.000835712
2016-03-04,0.000835712
2016-03-07,0.000835712
2016-03-08,0.000835712
2016-03-09,0.000835712
2016-03-10,0.000835712
2016-03-11,0.000835712
2016-03-13,0.00084136484656483
2016-03-14,0.00084065750706941
2016-03-15,0.00083650863962248
2016-03-16,0.0008480362012051
2016-03-17,0.00086602958617732
2016-03-20,0.00085918034892529
2016-03-21,0.00086129305418581
2016-03-22,0.0008627383504062902
2016-03-23,0.0008659507730044403
2016-03-24,0.00085752259474248
2016-03-25,0.00085752259474248
2016-03-27,0.00085474108345807
2016-03-28,0.0008580413996242
2016-03-29,0.00086315156659111
2016-03-30,0.00087531568715349
2016-03-31,0.00087474146857858
2016-04-01,0.00087146350415424
2016-04-03,0.0008714254945516597
2016-04-04,0.00086891918908805
2016-04-05,0.0008618943975307
2016-04-06,0.000865692156367
2016-04-07,0.00086251879110932
2016-04-08,0.00086493964772671
2016-04-11,0.0008751088753342598
2016-04-12,0.00087529269512743
2016-04-13,0.00087268027709797
2016-04-14,0.00086644222028553
2016-04-17,0.00087245192844421
2016-04-18,0.0008742060745134901
2016-04-19,0.00088668591342866
2016-04-20,0.0008882178226485801
2016-04-21,0.00088487745961174
2016-04-22,0.00087854161392897
2016-04-25,0.00086817238479853
2016-04-26,0.00087106495629996
2016-04-27,0.00087025010725483
2016-04-28,0.00087849528063089
2016-04-29,0.00087306124623865
2016-05-02,0.0008792020380497
2016-05-03,0.00086805934552103
2016-05-04,0.00085782055975869
2016-05-05,0.000855874910485
2016-05-06,0.00085499684792012
2016-05-09,0.0008508501923643098
2016-05-10,0.00085430289618671
2016-05-11,0.0008584096794948
2016-05-12,0.00085481413407251
2016-05-13,0.00084976566722617
2016-05-16,0.0008490441832691403
2016-05-17,0.00084835989400744
2016-05-18,0.00084065750706941
2016-05-19,0.00084207335021347
2016-05-20,0.00083984568482265
2016-05-23,0.00084549078019336
2016-05-24,0.0008419315563514798
2016-05-25,0.00084656442049891
2016-05-26,0.00084778451127931
2016-05-27,0.00084249908104539
2016-05-30,0.0008321232744492599
2016-05-31,0.00084058690117672
2016-06-01,0.00083650863962248
2016-06-02,0.00084313115803525
2016-06-03,0.00085911020869389
2016-06-06,0.0008606629562564201
2016-06-07,0.00086225109407678
2016-06-08,0.0008667426300235099
2016-06-09,0.00086326338350773
2016-06-10,0.00085332966409624
2016-06-13,0.00085310044232756
2016-06-14,0.00085066922474653
2016-06-15,0.00085565529298037
2016-06-16,0.00085280573694035
2016-06-17,0.00085430289618671
2016-06-20,0.00086129305418581
2016-06-21,0.0008671936229802702
2016-06-22,0.00086979597108439
2016-06-23,0.0008734005969017701
2016-06-24,0.00085306400433183
2016-06-27,0.0008472099434584401
2016-06-28,0.00085519795538858
2016-06-29,0.00086617958731949
2016-06-30,0.00086835707770661
2016-07-01,0.0008703219937160598
2016-07-04,0.0008703219937160598
2016-07-05,0.0008651267271488903
2016-07-06,0.00086166040273383
2016-07-07,0.00086550111882389
2016-07-08,0.00087017059559003
2016-07-11,0.00086956523591653
2016-07-12,0.00087294308468699
2016-07-13,0.00087324803462252
2016-07-14,0.00088497140677646
2016-07-15,0.00088311918079853
2016-07-18,0.00088132900418714
2016-07-19,0.0008770006825216097
2016-07-20,0.00087577180238441
2016-07-21,0.00087943015387282
2016-07-22,0.00087927543791011
2016-07-25,0.0008757333853282
2016-07-26,0.0008802816737443199
2016-07-27,0.00088063051225618
2016-07-28,0.00088888889877126
2016-07-29,0.0008992400835268199
2016-08-01,0.0009035464026965199
2016-08-02,0.00090399570763111
2016-08-03,0.00089706212747842
2016-08-04,0.00089891685638577
2016-08-05,0.0008971425704658
2016-08-08,0.00090321997413412
2016-08-09,0.0009080590098165
2016-08-10,0.0009127834928222
2016-08-11,0.0009102079784497599
2016-08-12,0.00090744101908058
2016-08-15,0.00091265863738954
2016-08-16,0.0009134088177233901
2016-08-17,0.0008981095161289
2016-08-18,0.00090029259445146
2016-08-19,0.00089541543275118
2016-08-22,0.00089134502923116
2016-08-23,0.0008956560632214
2016-08-24,0.0008922995184548199
2016-08-25,0.00089661969104782
2016-08-26,0.0008916629594750699
2016-08-29,0.0008916629594750699
2016-08-30,0.00089333567302674
2016-08-31,0.0008963786531239699
2016-09-01,0.00089473446132615
2016-09-02,0.00089782720897347
2016-09-05,0.0009057971183210599
2016-09-06,0.00091416033683345
2016-09-07,0.0009173890575766599
2016-09-08,0.0009127834928222
2016-09-09,0.0009049773798324199
2016-09-12,0.0009007386397570401
2016-09-13,0.00088711467105895
2016-09-14,0.0008898380328901099
2016-09-15,0.0008882178226485801
2016-09-16,0.0008873901679180599
2016-09-19,0.00089393462985754
2016-09-20,0.0008950949413701901
2016-09-21,0.0008989571942947801
2016-09-22,0.00090781168546528
2016-09-23,0.0009067416540347
2016-09-26,0.0009044862817972901
2016-09-27,0.00091157702263445
2016-09-28,0.00091470387997106
2016-09-29,0.0009113277774304199
2016-09-30,0.00091049802722409
2016-10-03,0.0009059612057171801
2016-10-04,0.00090090092271566
2016-10-05,0.00089814979583025
2016-10-06,0.00089529523393139
2016-10-07,0.00089577643666416
2016-10-10,0.00090086029376835
2016-10-11,0.00088837556540966
2016-10-12,0.0008872327161952901
2016-10-13,0.0008823010139167301
2016-10-14,0.0008818341884762
2016-10-17,0.00087896635523066
2016-10-18,0.00088884931756184
2016-10-19,0.0008921005064621599
2016-10-20,0.0008857395732775301
2016-10-21,0.00087923684623092
2016-10-24,0.00087923684623092
2016-10-25,0.0008856611675582801
2016-10-26,0.00088012678315863
2016-10-27,0.00087290507508442
2016-10-28,0.00087214371887967
2016-10-31,0.00087420229101554
2016-11-01,0.00087420229101554
2016-11-02,0.00087684689788148
2016-11-03,0.00087374402210116
2016-11-04,0.0008743552025407597
2016-11-07,0.00087558006634936
2016-11-08,0.00087858026381582
2016-11-09,0.00088378257350996
2016-11-10,0.0008654262055642903
2016-11-11,0.00085991912055761
2016-11-14,0.0008550000000000001
2016-11-15,0.0008560000000000001
2016-11-16,0.0008539999999999999
2016-11-17,0.0008470000000000001
2016-11-18,0.0008465
2016-11-21,0.0008470000000000001
2016-11-22,0.0008539999999999999
2016-11-23,0.0008460000000000001
2016-11-24,0.0008455
2016-11-25,0.00085
2016-11-28,0.0008529999999999999
2016-11-29,0.0008523999999999999
2016-11-30,0.0008556000000000001
2016-12-01,0.0008556000000000001
2016-12-02,0.0008571
2016-12-05,0.0008560000000000001
2016-12-06,0.00085525
2016-12-07,0.00085325
2016-12-08,0.00086225
2016-12-09,0.0008575
2016-12-12,0.0008575
2016-12-13,0.0008566000000000001
2016-12-14,0.000859
2016-12-15,0.0008466000000000001
2016-12-16,0.0008439999999999999
2016-12-19,0.0008410000000000001
2016-12-20,0.0008410000000000001
2016-12-21,0.00083525
2016-12-22,0.0008311
2016-12-23,0.00082975
2016-12-27,0.0008275
2016-12-28,0.00082625
2016-12-29,0.0008275
2016-12-30,0.00083175
2017-01-02,0.000828
2017-01-03,0.0008275
2017-01-04,0.0008324
2017-01-05,0.0008435000000000001
2017-01-06,0.00083725
2017-01-09,0.0008305
2017-01-10,0.00083525
2017-01-11,0.0008359999999999999
2017-01-12,0.00084525
2017-01-13,0.0008505000000000001
2017-01-16,0.0008435000000000001
2017-01-17,0.00085225
2017-01-18,0.00085675
2017-01-19,0.0008493999999999999
2017-01-20,0.0008550000000000001
2017-01-23,0.000859
2017-01-24,0.0008539999999999999
2017-01-25,0.0008575
2017-01-26,0.00086325
2017-01-27,0.0008535
2017-01-30,0.00084825
2017-01-31,0.00085975
2017-02-01,0.0008641
2017-02-02,0.00087175
2017-02-03,0.0008725
2017-02-06,0.0008810000000000002
2017-02-07,0.00087175
2017-02-08,0.00087425
2017-02-09,0.00087265
2017-02-10,0.0008701000000000001
2017-02-13,0.000869
2017-02-14,0.0008771000000000001
2017-02-15,0.0008755000000000001
2017-02-16,0.0008810000000000002
2017-02-17,0.0008725
2017-02-20,0.000872
2017-02-21,0.00087175
2017-02-22,0.00087675
2017-02-23,0.00087725
2017-02-24,0.00088385
2017-02-27,0.0008810000000000002
2017-02-28,0.0008849999999999998
2017-03-01,0.0008781
2017-03-02,0.0008745
2017-03-03,0.0008650999999999999
2017-03-06,0.0008655
2017-03-07,0.0008716000000000003
2017-03-08,0.00087275
2017-03-09,0.00086475
2017-03-10,0.0008635
2017-03-13,0.0008710000000000001
2017-03-14,0.0008721
2017-03-15,0.0008734999999999999
2017-03-16,0.0008829
2017-03-17,0.0008829
2017-03-20,0.000897
2017-03-21,0.0008933999999999998
2017-03-22,0.00088975
2017-03-23,0.000893
2017-03-24,0.0008904999999999998
2017-03-27,0.0008994999999999998
2017-03-28,0.0008985
2017-03-29,0.00089725
2017-03-30,0.0008945
2017-03-31,0.00089275
2017-04-03,0.000895
2017-04-04,0.00089325
2017-04-05,0.0008885
2017-04-06,0.000883
2017-04-07,0.00088125
2017-04-10,0.0008745
2017-04-11,0.0008710000000000001
2017-04-12,0.000874
2017-04-13,0.00088675
2017-04-17,0.0008820000000000002
2017-04-18,0.000875
2017-04-19,0.000877
2017-04-20,0.0008773999999999999
2017-04-21,0.00088
2017-04-24,0.0008836
2017-04-25,0.00088965
2017-04-26,0.00088675
2017-04-27,0.00088175
2017-04-28,0.0008789
2017-05-01,0.0008789999999999999
2017-05-02,0.0008849999999999998
2017-05-03,0.0008830999999999998
2017-05-04,0.0008836
2017-05-05,0.0008773999999999999
2017-05-08,0.0008820000000000002
2017-05-09,0.0008801
2017-05-10,0.0008814999999999998
2017-05-11,0.0008849999999999998
2017-05-12,0.00088875
